1	3	4	5
0	1	2
7	6
0	6	8
2,7	5,2
3	3
		0	2	9
1	3	4
2,0	12,5	
0	1,2	
1,2	12		4	19,3
3	14
	3	4	4
3,1	11,4
1	3	5
0	8
2,0	13,6	12
1	3	4
1	6	6	11
2	11
12,0	3	4
0,12	5,0	8,10
0	0
8	15
6	13,5
3,0	9
0	5
0	15	28
4,12	6	12
1	9,14		
0	2	3
0,3	1	7,17
2	9
1	2	5
0	5	17
17	2,1	3
0	3	4
1,18	2
12,2	1,7
0	1
0	1
3	3	3
	1	2		3
6,5	8,7
2	5
1,0	5	13,8
3	5,3	4
	0	1	2
7,0	6	6
0	1	3
0	2	
1	2
6	2	
2		0,2	11
0	4	7
2	7				
0	2	3
1	2
1	2
1,0	6
2	7	6
0	16
4	5	9
6	1
0	1	1
4	7		9	10
5	8	15
1	1	2	9
1	4	5
5,2	14
1	4	5,3
0	10,15	6,8

1		3
0,4	9
1	2
1	9,0	12
1	2	
0	5	3,1
2		2
0,1	4
1	4	8
0	6	3	
0	1,0	0
11	3	4
1		1	2
2			5	
3	0,15		2			
1	17
1,23	2,14
2,10	4	14
1,6	0	6
			5	15
	11
0,4		0,5
7,21	8
				21,14
0,2	3
2	3
1	4
2	1	21	21
4,0	1	0
0	0
9,10	7	10
5,12	5,12	
1	10,12
11,8	7,5	12
8	9
2,1	8
2,4	7
2	5	12,8
3,41	26	3,24
1,30	10
		7,14	5	13,8
0	15
0	8	7
1,5	1,5	5
	15,11	28
0	1
0	1	1
1	4,1
1	0
1,0	19,21	11
5	3
0	0,5
0	2	4
0	9
2	2,9	2
1,0	5
1	5
1	7,6
6,0	11,0	14
5	5,11
0	4	12,9
2	2,14	2
1	13,3
1	1	2
1	2
8,13	24,11
1	6
0	4
4,15	6	11
0,15	0,15	0,15
1	2
9,7			10	18
0	4
2	3
3	6
3	4
		0	2	5
1,7	3	7
0,6	13,12
1	9,10
0,22	11					22
3	4	5
1	6	1
0	2	4
3	2
1	4
1	2	2
1,0	1	4
				24,1
0	10,1
1	2	6
0	6	13,1
0	
2,24	5,10
0	2
0,8	3,0	7
0,1	11,0	0,5
1	11,2
0	6,5	
0			0
1	3
0	5	5,8
0	4	3
3,2	0
1	5
5	6
18,20		
2	4,8	1
11	0	12
0	4
0	11	2
3	8
1	10
0	2	3
0	0	0
1	15	8
0	9,11
1	23
0,4	3	25,7
2	0
0	18			
2	3
0	1,9	27
4	8
2,3	0,3	14
7,0	3,4
0,2	0,3	2
0	2	1
	2	8	8
0	3,5	0,3
6,2	12,16	12,25
0	23,27	0
1,0	1
1	0	3,0
9
1	5	6
8,1	16,52	3
1	2	4
2,3	13
4	3,0	7
				2,3	3,8
0,9	
4,0	5,6
0	2,1
0				2,0	0,11
5	8,9	
9	17
0,9	2
	0	5,10
1	5
7,0	22
1	1	15
0,1	5,1	19,0
0	0	2,1
0	4	12
0	3,7	11
	1,2	6
0		10
0	1,0
0	1	3
1	5
0,15	5,4	5
0					4,1
4	5
4,2	8			9
2	11
5	3	1
1	3	4
0	1	10
2	2	2	7	2,13
2,0	3
6	2	
1	2	4
5	16
		0	2,1	3
0	0
0	3	2
1	2	4	5
15	1	8
0	1	2
0,14	0,2	6
7	6
14	10
1	2,1	
2	3
1	2	6	
1	3	8
0	1	2
4	4	5
2	16	
1,13	9	18
1,7			0
15,21	11,7	25
4	16
5	5,12			2
0	6	6
1	1,3
0	8,13
1	2	3
9	2
2	6
2,13		11
10	16,15
2,0	10
1	3,8
1	8	10,0
2	5	6
0	9	
0	1	7
0	3,1
8	19	11,14
	8,0	10,8
	3	3	3,6
0	2
1,2	1,0
1	0,2
11	6
1	4	9
3,10	1	1
1,5	16	5
		0	0	1
3	5
6	6,17			5	
0	2	5
9		9,1	20
4			8	21
20	6,10
0	4
0	1	1
1	2,16	21
0	3
7	8	18
2,8	3
2	8,7
2		2	4
1		1	4
0	1	2
1,5	1,7	
5,1	3,16
2	3	4
2,5	6,21	
2	3	7	7
				5	12	8,15
	2	0
	11	20	4
3	4	6
0,2	1	0
20	0,1	13,2
0	4,2	
0,7	1,4
2	6
0	1	5
0	0	15
0	1
1	1	2
2	1
0	1	2
0	1
1	1	2
1	2	2
1	2,20
	0		
1,2	10
0	1	0
8	7,21	8
0	2	10
1	2	3
2,0	1	2	3
	0	2,16	20
4	5	6
0,8	9	4
8,15	17,0
1	5,3
4	1,3
11			3	11
2	8,2
1,7	19,7	
4	14,1	4,11
5,10	12,11
2	2	7
1		3
1	2	5
10,12	10	12
0	4	2
4	1	3
8,0	7,8	4,7
0			4	4,15
5	7	8
16	16	1
4	4	4,20
1	2
2,0	0,1
1	2
0	1	6
2	5	5
13	12	9,1
3	3	11	8,12
0,1	0,4
0	2
19	7	2
8,0	7	12,5
6	7	8
5	8	
3	0	2
	11,35	16
2,0		0
2	4	12
1	4	4
15,35	1,0	3
5	6		
1	9
0	1
5			7	11
3	7	10
1,14		25
0	1
0	1
14	15	13
2	3,1	8
1	2,0	31
0	1
1	1	2
6	16
1	4
2,1	13	2
0	10,4	11
0	12,2	20
1	7,1	5,1
0	0,5	0	16
5	7
4	5
0	1	4,12
1	3	4
1	2
1,2	2
3,4	2
2	0
0	5	3	4
1	4
1	5	
1,11	2	5
5			2,10	10
0	16,18	4
0	4
3	6	12
16,14	4
10	16,8	26	
0	5	2,6
8	7,6	6,7
0	1	1
0	5	6
6,25	4,5
1	4,6
1,23	1	2,11
3	16,0	7
2	4
0	1,31	2
	3,4	2	
2	22,14
0	1
5	7
2,12	20,8
1,20			5
0	1	2
0	5	14
3	6	7
3	9	7
1	9
0,5	2,12
0,1	3	19,20
1	2
9	2	14
0	3,2
0	1	2
2	0	3
3,14	8
5	2	16
4	0	6,2
3,1	16,15	15,8
2,0	3
7,14	0,6	12
9	16
2	12	7
4	5	8
0,1	2
		11,10	12	0
13,5	24,14	5
1	16,0
2,0	7,10	8
4	9
4,9	5
8	4
2	0,1	10
1,2	4		
1	2	4
4	19,20	
2	1	
1,7	1	10
3	3,15
1	2	5
8,6	4	0
0	1	5
2	7
5	7
6	11
0	1	2
1	3,1	6
4		17,9
1	3	6
45						
2,7	4,5	0,11
0	0,4
11	10
7			5
1	5	6
4	7	24
1	1	2	3
3,17	18	33
6	10
1	3	3
8,3	8,3
8,2	13
0	16			25
			1,9	0
13	19,13
5		11	13	
2	17	13
0	1
	6	
1	11
4	13,0	10
0	4,0	6
3	3,1
2		4
17	17	1,32
0	2	13
			
5,8	4	8,12
0	0	1
8,12	4,5	
1,0	5
1	1
11	10
0	5	5
0	1	1
0	0,6	6
3,0	0	1
	3	4	9,8
10,0	38
0,7	7,1
12	1,13
1		3
2	3	4
0	8
2	2
22,0	6	
6	
6,18	12,1	6
0	0
15,4	4,14
0	1,0	2
2	7,0	12
7,1	3
0,2				
6,2	4
3	4	0
15,17		
4,3	10	2,7
1,3	1	2
1	2	3
12	5,0	
2,1	0,1	9
	15,16	
1,0	2,0	7
2,0	3,16
1	1	17
3	4
0,20	1,0	1
1,0	1,2
10	12,15	6
25	4
5			2	1	2
9,1	3	2
1	5,6
4	1,3
0,6	2,10	12,11
1	2
68,59	
0,6	5	10
3	6
9,13	
4	16,1
	0	12,4	6
0	2	1
9	10
1	2
2	8	8,2
5	0	0
0,6	3
		
2,3	7,5
1,10	1,0	3
2,10	6
2,6	3	2,4
8			12,28	
0,1	0
2	1,29
4	6	7
0,1	1	1
3	13
0	2
1	5
4,12	1,2
12,3	12
0	1	9
2,1	3	4	
57,3	2		
0	1,3	
1,0	2
0	2	1	2
0	1
1,2	1
2		
6	10	6,19
3			3	4	4
5	5
1	0
	0	3
12		21,2
1	5	6
19,13	10
7,3	11,1	1
3	2,4
1	3
1	5
0	4,3
	1	4	5
0,7	6,2
0	3	12
2,0	1
1	5	7
0,3	7	16,17
1,2	4	4
0	3	10
2	3	3
0	1	8
15,12	15	16
4	5
0	2,0	1,0
2	10
14,13	16	
2	3	4
3,2	10,5	10,0
1	1	3	10
4	6,0
3	8
1	2	1
2	3
1	2
1	2
2	4	6,7
0,2	3	7
6,10	3,7	10,2
7	1	8
0	1	7
0	2
0	1
0,1	9,6	13
0	1	2
12	7
3	3
				2	
1	2	2	8
2,9	2
11,5	5	1
5	8,5
1		2
5	23,32
1,0
0	2
0	0
2	13	12
1	12
0	0	4
7,0	2
2	4
1	5	6
2	2			3
0	0,4	5
9	9,2	0,11
0,7	6	
0		11
2	4	10
1	3	3
2	1
0	2
0	0
0	1	3
0	1
1	4,2	7
2	10	10,4	8,4
	
0	3	12,0
0	2
1,0	8,0	1,0
3	7	7
5	5	
1,16	4			13
2	7,0	8,20
8,9	2	7
2,3	3	8
0	1	1
1	7	2
2		
1	3	7,9
0	6,7
5,1			0	1
0	1
4	6	8
0	1	4,11
0	1	3
0	0,1
2	3	5
14,3	24	22
1	2
0	10
0,5	6
0	3	
2,14	0,7
1	10	4
7	18	8
0	12,3	15,6
6	10	12
3,6	6
4,11	8,7	13
9,0	4,5	11
2	3		3
11,9	6	
1	2
1,3	11,12	13,14
1	7,4
0		6	7
1		3,0
		4	9
1	2	6
0	2,3
2,7	4	7
2	4
2,7	
0	1	1
9	20
3,5	12,6
8	8	12,14
4	5
1	1,10	4
0	2	5
3,37	2,20
0	3	9
	9,6	11,9		9,2
1	2	0
18	17,0	
3	14,18	6
7	2,0	12
1	3
0,3	0,18
1	2	9
11	2,7	
0,3	10
4	5	7
3	11
2	6
6,1	10
2,5	0
1	0	15
0	8,1	1
5	6
0	1,0
18	16	17,23
4	1	9
0	7
5,3	4,6
1
9	7	6
1	9
0	5,14	
11,13	23
12,13	2	14
0	0,1	6
1	7
1	5,9	4
1,0	0
26	14,15	34
6	9,3	3,19
1	3
9	16
5	5
0,19	2	2
2	3	5
1,0	6	
0,2	2	
0	7	
3,0	3
0	4			3,8
1	13
0,8	14,10	11,1
3	4,2	18
0	1	9
1	3
12,5	14
9	1,10	6
0	3	11
4	2,5	7,15
1	4,0	4
1	1	5	
16,22	6,7
7	6	6
9	10
5,9	19
0,1			4
3	2	11	7
2	10	13
1	13	14,0
6				
0	20,6	7
	0	10
8,0	13,4	2,8
0	18,15
10	11	9
1	6	3
2,0	4
1		1	3
3	4		12
1	2	3
11,2	3
0	1
3		3		3	3
3	5	4,8
20,12	1,2
1	23,1	16
14,0	17,3
1	1	1	7
5	1,0
1	3
1	9	5
3	5	10
2,1	6	7
24,6	4,12	15,9
1,9	9,10
0	2	2
1,0	0	7
0	1	4
2	3	6
0	11,1	15,14
0,61	12,18	9
5	6,5
1	2	2	3
1	2	3
2,1	2,32	
10	1,2	3
0	2
1	2
1	6	12
11,13	11,2
0,4	2	13
3,4	9
2	3	5
5,21	22	46
0	19	17
1	1	11
1	2
1	7	9
0,11		
5	7	9
3,1	15,24	7
1	2
1					1
1	1	18
10,1	1	23
1	7,2	10
2,3	4	9
12	9				18,7
3	20	10
3	9	10	10
2	3	8
5	6	7
0	1
	0	2,30
2,5	3,9	1
12,7	8
23	22						52
3	4	5
5	6,12	7,24
2	4
1,5	21	2
2	5
2,0	10	11
5	6
0	8,1
2,8	15	11
0	3	4
0,1	7,6	14
0	6,0	8
3,21	6	0
4	10,13
10	8	2
1	2	3
0	4	12,13
3	10,3	4
3	8,4
4	17
7	6	10
1	7,13	9
0	0,2
1	3
10,9	2,15
3	4	5	8
0	1
1	4
5,36	37,39
1	1	3
3	4	7
2	4
1	4	7
1	2	13
7	8	6
0	5,2	3
0	4	9
1	0,7
8	9	7
0	1	2
3	4	6
3	6
44,2	3
2	11,8
5	5
	25,26	32
0,8	8	1
7,3	6	
0	2	3
0,1	6	9
1	5
10	11
11,12	21
0,9	1,0	0,5
17	2			6
19	11,7	
3,0	9
13,0	4,2
11	4,3	10
0	1	7
	4	0	10
5	0	0
1	2	5
1,9	3
2	4,16
3	10
2	11
2	9	10
4	19	
2	4	11
3	3	4
1	2
4	5	6
2	5	6
2	3
2,6	17,2	3,12
	15,35
0	4
3	4
7,2	4,5
1	2	1,14
1	1
3		0	2
1	5
1,0	5,11	12
2,6	6	19
2	1	20
1	0,12	0
2,11	11,2	4,16
		6	9,6
3	6
1,3	10	14
3	4	5
4	3	
4	20
29	10
3,4	19		
				2	9
0	4	3
1	3,0	6
1	3
1	2
0	1	6
4,5	27,11
0	5
2	3	9,5
7	7	9
14,16	1
0	5
11,8	7	7
4,11	10	24
	1,7	7
4	8,9
2	12	8
4	2,4		4,1
0	8
17	2	
10,1	2	6
3		2
1	6
	2	4
0,1	7	2
3,7	0
3,0	0
0	1,0	4
0,11	11,2	0
0	0,6
0	0,6
1	4	5	7
3	5,9	22
5	8,10	
1	3
2,0	75
0,1	2
5	1	2
4,19	6,49		
2,3	2	
	1	4
0	8
0,4	5
1	7
	3,12	1	2,4	9
7	19
11,13	20,8
0,1	2	7
	1	16
1		1	14	14
0,7	2
4	11	21
1,4	1
2	3	8	8
	14	3
7	0	10
2	2,8
9	8	9
0	2	3
1,0	0	19
1,6	0,3
1	3
1	1	2
1	2	5
2	2
2,0	6
4		10	12	
0	4	6
1	0	4
2	0,5
1	3
0			2	12
1	3
0	1	2,1
7	8,7	7
4	16		
0	0,2
11,1	5	9
3	6	9
0	1,3	8
4		10	12	
1	4,2	1,4
5		34	36	
5	7	12
2,0	13	
9	20
7,25	7,39	30
10	5	6
1	2	15
0	6	6
1,0	2
1	8
1	2
1,0	
1	1,6
2	8
13		21	12,0
4		4
1	2
4	6	10
2	6
1	2
0	7	5
1,11	12,7
0,3	1	7
12	6	10
0	0	12
17,3	2
0	2
7,3			6
0	2	3
0	4,6	7
6	3
2	2	9
1,0	1,11
1,0	4
1	3,1	
0	9,0
7,5	4,3
0	1	4
1	11
3	9	14
0	4
0	1
3	4	5
4	4,5	18
5	4,6	3,8
			
6	21	4
10,6	8
0	5	20
1	
1	1	2
1	7	6
2,11	3
0	1	2
1	3,4
4,1	7
0,14	10,0	0,2
0	13	13
0	2	3
0	1
2,1	2
1	16
2	3
9,19	7
3	3,9		9
1,13	5	6
2,3	10
1	0
3,14	3,25	21
3	4
1	9
2	3
1	4,6	6,20
0	1,0	0
0	1	2
1	6,3
1	0
2	5
0	1
1	6
1	1	6
1	1	2
11,1	1	2
1	4
0	1	1
3	0	17
0	1	0
0	2
6		
0	20,4	14,12
2,5	2	2
3	3	1
1	2
1	2
1	2
2	3
5,3	4	1,17
0	2
1	14,2	11,4
3	11	0,6
2	10
0,4	23	1
20	7	20,2	12
2	1,7
3	4
0	1	0
0,15	3,1	14
1,3	3	14
4	18,8	6
15	1
6,3	14
0	1	3
8	1	9
0	1	
1	1	2
0,1	0,8	4
1	1	3
4	12	12
1	1	3
2,0	1	2
4	6	5
0	1	1,5
1	2
3	11,3	6
1	1	3,13
0	17	1
4	1,2	2
0	2,0	1
	0,18	3	18
1	2	3	3
1	2
1	2	5
1	1	2
10,1	1	11
2,0	2,11
2	8
1	2
0	1	2	3
23	1,3	
1	1	10
8,0	16	10,2
4,8	17	2
0,14	14,15
1,10	4	0
7	3	2,1
2,5	12,14
4,0	25	12
0	0,8	16
0	24,3	2
6,7	12
0	0	9
4,5	3,5
1	3	4
1,0	0,12	4,9
14,1	3	1
1,0	5,0	11
4,3	5
1	1	3
22,4	0	21
0	1,0	8
2	3,26	4
15	0
	2	
22	33	25
1	2
0	1	2
3,11	1	3
0	0	0
0	2,1
0	12	0
1	2	5
0	0,19	1
1	2	3
1	2
3	1
0	6	0	0	0
1	2
3	1
6,1	2
1	3	3
0	1	3
4	6,5
3	1	2
5,2	6
1	1,2	3
0	2,12	0
11	2	3
1	6	1
7	0,1	3,10
2	1	6,13
1,0	2,12	1,14
5	19,1	1	3
1,2	4	1
1	2		2
1	9,1
5	9
9	15,10
4	8,7	9,8
5,1	13,9
1	2
0	0	0,1
1	12,21
4	0	7,2
0,2	1	6
1	1,4	7,0
3,8	11	10
5	3	2
4	2,5	0,1
4	5	11
0	2,9	9,0
0	0,1	1
0	2	6
26	1	34
0	2	19
3	16	14	14
3,4	3	6
2	5,6
14,5	4	1,7
	2	10
0	5,1
1	1,0	8,11
0,1	2,0	1,5
1	3	24,0
4,26	1	0
0	1	7	6
1	4	2,1
16	17,0	1
4	4	16
3	5	17
	0	25,5			
21	16	2
2,3	8	15
1	2
0	0,2	0
1	2,3
5	1	5
10	1
0,1	2
1	2
0	6	13,7
11		10
0	1	0
1,6	10,0	2
0	2,6	2
2	0	16,11
10,0	13
1,3	25
1,2	3
0	2,1	4,11
3	10	6,3	1,7
1	5
5	9	10
1,0	1,0	1	2
0	7,2	0,9
12	11	18,16
10	10,16	24,10
7,4	1
8	1	1	2
24,3	18,0	0
12,6	5,3	4,10
0,2	4	2,4
0	8			8				2
1	1	2
2,1	2	7
0	1	10,17
4	8	8
1	2	6
8,24	1,9	2,1
0	1,2
4	19,8
4,1	13,0
9,0	1,2
1,0	13
0	4,0
0	5,0
1	5
1,2	2	12,1
0	2	13
1,2	4,1	1,13
14	14	15		
0	2	21
3	10	10
4	10
0	1,5	5
0	1,2	14,3
1,0	1	10
1,0	2
0	0,1	6		
3	1	0
1,0	1,0	12
0	0,3	1
1	1,0	3
0	1	4
0	1	14
0	0,1	
0	1,3	4,0
2,0	7,1	9
1,11	1,6	
8	1	1,0
6	6
0	1,9	2,6
5,9	5
3,4	5,6
1,13	15	6
7	8,12
0,3	3	0,3
0	0	0,13
0,1	1,6	0,8
0	1,10	13
1	3,6	1
0,6	1	2
1	2
0	1
0	9,3	2
0	2,10
13	3,5
4,13	2,5	21,5
0	1	2
1	11
2,3	2	1,6
0	1,2	0
1	0
1	1	1
0			0
1	1	1,2
1,0	2,0	2
0	1,16
5,0	6	6
1	
1,2	2,16
2	3
1	10	11
0	0	2
1	3	2,3
1	3,4
1	9
11	1	5
1,3	4
2	4	1
1,2	4	5
1,17	2	5
1	1	1
1	4,2	16
8,1	0	2
1	2,0	2,10
24	6	22
5,4	7
1,2	0	2
3,7	1,3
0	10	1
0	7,0
1	7,0
5	6
1	1	6	3	
1	3	13
6	14,6	
0	1	3
0	2	0
4	8
22,1	4
1	4	4
2,3	1	6,1
0	0	1
3,2	7
0,10	9	7
12	25,32	1
0	1	4,5
25,24	7,4	13
1	1	4
3	4	5
0	2	3
3	3,11	8,4
5,103		12
0	4,6	1,12	1,4
0,1	1	12
13	12,4	13	17,1
0	17,0	8,15
4	5	10
0,3	1	5
3	0	1
3,9	2	10
5,4
3,1	5,2	18
16	0	16
8	1,0	2
3	2,14
0	28,14			9	21
1	2	6
0	1
4	6	3
0	2
0,16	1,0	0
3,8	1,26	18
1	2	3
0	1	2
1	0
0,5		4,5
21,12	1,2	
3	2
3	4	12
1,3	2,1
1	2
1	1,2	2
1,9	3,17
5	0	19,1
0	1	10,1
0	5,0	2
0,17	1	1,2	20
0	1	4,11
1	2		1	4
0	2	6
0	1
1	2
35,1	2	3
0	1
6	3	5
4,6	4	5
3,4	2
2,4	9
3	21	2,1	
0,2	1,0	5,0
0	1	2
0	1	2
3	3	0
1	1	1	4	
1	2	11
0	3	3
1		2
1,0	2
0,1	6	6
1,10	0	16
1	1	2	
1	2	3
0	1	2
1	2
		
9,0	7	3
1
0		0
0	3,4
2,0	3	5,0
0,1	4,0	1	0
0	2	0,15
2,8	1,9	26,2
1	5,0	1,0
1		1
0	5,1	5
1	0
1	2,17
1,16	22,3	
	29,3	
2	3,1	5
				1	
0	1,2	2,0
1	1,0	0,1
4,14	1
0	1	2
4	3	5
5	8,9	9	13	14,15
1,0	1	34
17	1	12
0	1	2
1,2	8	5
0,1	0,1
0	1	2
3	1,0	6
1,0	0,1
6,3	7
2	5	9
0,1	20,11	
0,1	0,1	0,2
1	3	23,1
3	6	2
0,1	1,0	
1,0	1
5	4	9
9	21
2	12	11
1	1
0	2
11	8	0
1,16	37,3	4
18	1	23
14,6	5	14,17
0	0	1,4
1	4	10	2
21	22,5	7
0	5	1
0,2	1	18,19
3	1,7	1
1	2
5	5	
4	4	0	
1,3	2
1,0	1,0	5,9	0
1,6	1,7
1	3
1	2
0,15	6,15	8
1	9	2
0	1	5	16
0	1	2,0
1	4,15	7
5	2
4	1	6,4
0	1
0,1	0	1,2
2	1	0
3,17	13,29	26
0	1	1	3
6	23	24
0	3,14	6
19	5	0,9
23,4	13,2	14
4,0	1,2	8
		
4,1	6	5
39	0	
1	1,0	5
3	29	3
1	3	6
0,3	2
2,12	1,13	2
0	4
1	2	3
6	23,7
2,3	12	
3	9,21	5
	8	15	15
3	5
0	2,13	30
15,5	4	25,4
4	5	7
1	1	2
17,1		
0,1	4	23
4,2	3
1,0	1
0	1	5
1	12,4
1	2
2	6	9,2
2	3
9	9,2
12,0	0,3	13
0	1	1
3	24,1
12	1	17,4
0	1	2
1	0	2,0
1	0,1
4	7	30
2	3
4,0	
1	3,2
1	8	21
0	2
1	2
0,4	2
1,0	0,2	
3,1	1	0,7
14,0	11,17	4
10	1	6
0	1	2
0	4,1	1
3,4	5
14,10	4	7,19
3,5	0,1	5,4
2	1
4	2
2	13	13	2,25
	1	2
0	1	2
0	4
3,11	2	2	0
	17	1,0
3	5
0,1	1	0
4	5,6
5	15,14	16
0	0	4	13
0	5,1	6,10
1	23
1,0	20
1	1,0	0
0		
0	2	3
9,0	1,0	
0	1
1	5,0	
0	1,4
0	8,0	1,8
1	2	3,21
3,10	0,10	12
1	3	2
3	5	
0	0	1,6
3	1,11
0,3	23,0	11
0	1	1
1,16	2	1
0	1,23	13
2	3
	0	2	16
0	4,0	1
5,6
1,0	3	4
6,4
1,0	47,1	3
27,0	0	6
3,1	3	3,1	17,1
4	45	6	5
0	1
1	2
3		31
0	1
0	1	8
0,4	3	1,7	3
1	1	2
22	0	22
1	8,0	2
1	15	5
2,9	5,3
1	2	16
0	1	2
0	20	63,1
0	2	3
4,1	1
8	7	10
1	1	2
1	2
0	1	2
0	1
1	2	2
0	0		1,3
1	3	5,4
5	10	9
1	3
1	2
1	2
1	2
3	6	2
13	4,10	
2	1	3
0,12	12	16
1	3,7	
	2,0	0,17
0	4	2,5
1,3	1	4,5
9	9,7
0	0	10
1	2
1,7	9
4	0
28,0	28,44	8
1	3,13
3	2	11
0,1	15,14	12
1	5	9
17	5
16	13	17,0
0	1	2
0	1	1,5
		
6,4	8
3	1	2	4
1	0,1
2	3	2
2	3	6
0	1,3	0
2	1,13	0
8,0	8	2
3	
3	2
0	1	1,0
6	7,16	7
0,12	11	0,1
4	14
1	2
0	1,23	18,2
0	1	6
0	2
1	36,118	20
1	4	0
0	1	2
0	1,6	2
46,0	21,3	
19,0	19,20	4,0
	1	9,18
1	1	4
2,3	11	20
0	10
0	2	6
3	1,6	4
3	1	4
2,14	2	14
0	2,7	5,0
47,8	4	47
3	1	0,9
4	11,20
6	4	9
2,12	3	2
20	10	13	20
18	2	15
2,0	2,1	20
0	2	7	9
0	3,4	11
3	10,2	3
0	0,3	1
0	0	19,21
1,0	0	1
2	3,4	
2,0	15	4
7	7,19
9,8	18	5,8	8,12
12	3	1,2
0,7	10	11
1	1
0	2,0	1,0
2	1,9	9
0	13	12
16	2	
0	1	1,6
5	1	2
0	4	14
0,2	1,0	15,18
0	1
2		13
1	2
8,1	4	7
0	12	0,9	
0	1	2
1	16,23	2
10	9,0	
3	18,16	9,14
0	1	2
0,1	3,7	4	13
0	3	2,0
39	7,29	29,1
6	7	5
5	1,2	5
0	2	5
1	6	12
0	6	4
2		34
1,20	1,11	3
0	20	1
4	1,3	1
2,0	1	15
0	7	
0	1,2	24
14		
1	5
7,6
1	1	2	3
0		3,0		1	1
1	2	3
0	1	2
0,1	0	6
1	7	4
0	2	1
0	5	2
0,1	3,5	15
0	1	2
1,0	1,6	4
0	2	2	15
0	1							2
1	0	0,7
2	3,2	4
0	2	2
1	1,0	5,20
1,11	2,7
1	2
2	0	16,0
0	2,4
1,0			
1	20	9
4,1	14,12	0
3	0,2	3,16
4	3	2
1,36	1,21	2,10	0
2	0	0
0	4,0	6
2	0,2	0
13,6	3	0
3	2	2
	
1,15	1,0	1	
1,0	2,5	2
0	4	2,11	
0,18	1	1
0	2	9
3	10,1	12
12,5		11
1	1,0	1
0	1,2	9	12	15
4	12	12
0	7	15
3	6	13
1	3
0,2	2,1	24,2
2		13
2,0	2	6
1	0	1
5,1		11
2,0	10
4	3,4	14
0,11	9	0
2,1	7,0	0
0	1	6
2,1	3	10
0	1	2
0,1	1	2
3	5,2			6	0
4	1	1	7
1	2,7
2	6,1	4,5
0	18	2,8
0	1	2
1	2
5,6	32,6	5,1	
0	2
0	1	2
3,6	1	2
0	1
1	2
0,1	1,6
4	9,21
0	1
3,1	5,4
0	1,6	2,0
8,1					30
0,1	0	0
2	1,2	10
5	2
4	24
1	2
1	1	2
3	2	3
0	1	3
	0
3,4	0,4	22
1,0	8	18,12
3	1	6	13
1	2
1	14,2
1	2	5
0	1
3,12	6,12
1,5	5
3	4	7
2	5,8
1	17,0
0	1	2
5,0	3
5	4	6
0	8
9,0	0	5,2
5	2,1	13
1		6
4	2	18
4	5
2,1	15	3
1	9
2	3
0	2
2	1	2
1	3	6
27	1,0	27
0,1	1	6
1	2
2,1	5
3	1,0
1	2
0,20	1	1
0	2	9
0	1,4	4	3,1
0	1	2
3	4,5		
2	1,2
3,2	3,9	1
0	1	1,2
7,3
1	1	7
0	6	0
0	1	1,0
0	1	2
0	2
2	13,20
3	6	7
0	2
2	16,2	16
4	7,23	34
1	6
2	2	3
1	2
0,1	8
4	9
13,31	3	3,21
1	0	
0	0	2
0	2,1	
0	1	12
3,5	0,19	3,4	5
0	8,3	41,12	12
0,16	1,4	2,1
0	3	1,0
3	1,5
16	2,12	1,0	12
1	2,1	4,0	1
1,24	29,6	5,4
0	1	8,7
0,8	4	4,0
5,4	10,9	9	12
10	5,10	5,4
9,0	0	5
9,1	2,9	1,13
0	1,5
0	3	0
31	20	21
3	15,3
0	2	1,12
4	13	5,4
2	1
0	1
3	15	
1	2
2	9	22,15
4	1	2
0	1	2
0	2	11
0	1
1	0,16	3,2
1	8	3,1
10,13	9,27	23,1
40		16
2,20	2	2	1
0	1	0
0	3,0
16	29,2	30
15	1	14,0
0		0,2
3	13	3	
1	2
0	0	4
0	1,0	0
0	0	7,0
6,7
0	0	0	
7	2	2
0	2	9
0,30	3	5
18	1,0	1
0,8	0	17,20
1	16	1
6,0	28,1	44
5	15,1	0,8
0	2	2
19	18,22	0
1	3	4
7,30	8,0	3,7
1	8	11
0	1	9
0	1
6	1	1
1	16,1	3,6
27,3	1	27,42	20,26
0	6,27	7,2		
0	2	11
1	3
1	2
1	5	7,13
1	2	7
9	2
0	1,0	
1,0	13,1
0	1	2
19,9	4	13
0	0	6
1,16	2
2	2,0	0
0,9	1,22	8
0,1	1
8,3	1	2
0	5,4	7
3,2	2,6	8
0	1	2
1,0	2	5
1,0	2	4,5
5	2	2
0	15	3,0
4	4,11
0	2
10	0,10
1,16	4		15
0	0,1
2	2
4,0	7	14,6
3	17,0	16
0	2
4	11,7	
3	1	2
0	8	17,0
0	11	
0	2,1	9
0	1	2
0	2	8
4,1	2
0	1,3	6
3	4	5
2	4	6,11
0	3	15,25
0	0,4	0,15
1	7	2
3	0	1
0,1	2,6	6	
0	1,0	6,0
19,3	37,3	
0	3,9	8
1	3	14
0	1	1,0
1	2	3
2,0	8	1,4
0	1	0
3	5,1	1
0	0,1	0,19
10	1,11	0
8,9
	1	
0,1	0	7,8	1
0	1	9
10,0	3	4
3	19,0
6,0		11
7	8	20,1	
0	2
0	1	10
3	1
21,0	28	2
5,6	7
0	1
3	3	19,0
1	1
1,2	1	
4,3	3	
0	1	2
0	1,5	7
0,21	1,3	21
0	1	1,0
0	0	2,0
1	2
0,11	7,5	0
1	1	5
0	1	2
3	2,4	8
1	1,0	1
0,1	7,0	3,4
	6,0	13,7
0,4	2
6	0	2
0	1	6
8,1	15	5
0	1	0,15
1	2
0	1	0
28	1	15,0
3,9	12	4,14
		
4	5	6
4	5	11
1	5
1	3	7
5	2	6
17,4	2
4	5
1	2
1	2
1	12	
1	6
10	14
0	1
0	0	9
0	1	1
9,11	15,16	5,17
	5,0	
3	6	8
22,14	0,13	1
1	0	0
2	4
1	0	5,0
1	2
4	7,1
1	5
1	2
1,5	1	
2,1	7	7
1	15
1	21,1	18
5	17	7
7	7
10		11,21
18,0	3	8	11
0	1	0
1	2	1,2
1,0	6,5	0
10	7
1,13	5	6
2	0
2	3
4,1	1	3
0	2
1	1	4
4	3	2,0
0	1	1
0,2	1		1	2
0		3
0	1,0	4
3,1	3,5
65,67	67,2
0,4	4,0
1	4,5
5	14,0
4	7
0	1	2
0,8	1	1
0	11,0	0
3	1	4
1	2	3
3	8	10
3	1,0	21,30
0	1	2
0	1,4	1
29	7	
4	11	0,9
0,1	0	10
9,1	5,9	16
0	1	2
3,5	5,6
0	0,27	0
0	1	5
0	1
3	11	8
0,1	10
1,16	1,6	3
1	2
0	2
4,3	9
0	0	2,0
1,0	2
0	1	16
0	0	24
1,5	1	15
8	1	2
3	2	0
10,1	0	2
16	1	2,16
0	10
5,19	5	8
0	1,10	6,7
4,14	0	14	11
7,0	1	9
0	1	1
13	12,4	12,1
3	0	18,1
	0,1	2,0
0	1,2
1	5	11
1,3	1
0,16	3,1	4
1	2
9,8	8,9
8,1	10	4
0,15	52,8	
1	2	3
5	6	7
0,1	10	18
1	2
3	14,1	1	3
2,3	12
2	5	12	
0,1	9,6	1,7
26	9,0	14
4	6	18
0,9	0	1,2
0	6	6
8,3	14,8
3,5	1	4
3	1,9	8
1,0	1	2
3,2	5	6,23
2	0	2
1
3	4,0	8
0	0	1
1	2	2
0		1
3	1	1,3
3	3,17	2	16,1
14,18	3	9
0	2	8
0	1	2
4	5	1
2	4	6
1	13	15
6	14	7,11
1	2	3
0	1	2
0		0
3	1,2	3
0	0	20
1,0	19,0	2
0	17	0,17
6	6,4	14,5
0	1	2
10,22	2	0,2	0,2
3,9	1	8
1	5
4	6	4
0,55	14,7	6,1
1	2
0	4	13
1,0	13,8	6
3	2	14
4,13	0	2
0	9,11	10,5
0	1	1,0
0	
3	5,1	3
1	10	9
1,0	1,3	4
23,1	3	2,18
0,1	1,10	2
3	1	2
1	10
3,4	8
0	13,8
0	0,4	3
1,0	0	17	1
7	2
3	1	2
0	1,19
13	25	
0	0	1
1	1	2	5
3	11	
1,18	3,1	11
33	8	8,6	
2,6	
1,18	3,1	8,1	
0,2	3	4,0
0	1,9	6
0	1	16
0,2	2,20	2,0
1	3,13
18	2	9
4	4	4
7	1,7
2	3
6,0	12,17	11	3
1	2
1	2	1,0
0	6	6
0	1
0	7,5
1,0	2
7,5	10	11
16,0	0
4,1	4,1	0,7
		
0	2	9
11,0	23	16,17
5	0,1	2
1,3	2	6
5	2,3	8	1
1	2
1,0	7	9
1	2	5
7	3,1
0,5	2
1	10,0
0,4	6,2	3
8	4	3,1
1	2	2
1	2
17	4
4	6
0	0	0
2	3	4
1	3
2,1	2
6,20	10	0
1	3,2
29,19	3,4	3
19	0	3
0	0,1	1
1		5
3,5	3	5
1	2	12
0	1	2
0	13,3	
7,3	3,1	1
2,8	0	0,4	
10,41
1	2,3
1	5
1	2,0
3	2
1	9,0
2	3
1	4
4	2
1,0	3,1	4,18
0	1,0	4,0
0	1	3
1,0	1	15
0	2	
1	5,2	18
0,1	1	2
1	1	1
7	7	7,9
0	1	5
2,14	5	6
1	10
16	2,6	7,20
12,11	20,17
1,0	2		1
5	5	20,0
7,6	9	
4	9	10
0	1	1
7	1	2
0	1,0
0	1	2
3	2,15	1,0
2	0,1	7
13	3	7
0,1	1,4	1,0
0	1	16	
0,15	1
0,9	9	1
1	2
0	1	4,5
27,1	12	27
5	0	
1,0	3	3
0	2	1
3,2	0	5
16,10	5	7,22
4	16	24,16
2	3	2	9
0	4	0
0	1,2
1,2	1	17
30	4,30	27,21
1	2	3
0	1	1	1	1	
25	25,16	
0	0	1
0	0,6	0
1,8	4	2
2	2	20
1	2
0,1	2	1	20
0	3	3
1,0	1,2	5,7
0,1	18	23
0	2	1
0	0	1,17
0	1	2
3	4	5
1,4	2	7
1	2
3	5	11,4
5,1	1	0
16,0	0	16,2
1		2
23,19	2,5	2,3
6	4	5
0	10	4
0	5,0	0
3	14	3,14
10,12	4	5,10
2	1
0,21	3,0	12
4,18	4,12	
2	35	3
1	12
	3	1
0	2
0,1	1	2
3	4,11	21,0
0	1	2
0	8,0
14,2	1,2
1	0	4
0	1	2
0	0	2,1
0	0,4	0
	1	1	1,4
2,37	11	23
1	0	1	13
1,0	0,2	0
1	1,0	13
0	2,0	9
1	5,0	0
13	1	5,0
0	1	1
3	2
0	6
0	1
0	1
0	0			
7,0		
2	10
5			3
1	2	3	4
3,14	1	2,14
6,7	3	20	14,16
1	0,3	6,17
0	2,16	
1	0	18
8	2	9
4,1	4,5	4
3,4	6	7
6	2	7
1	2
2	0,4	0
0	1
16,15	15	17
0	1	8,17
4	1,0	9,26
12	3,6	6
3	1	17,18
	7	36
0,6	0	0,20
1	6,5
3	15	18
1	28	0,1	28
0,4	6,15	11,2
0	10,14
0,2	1,20	0
	4	
15	15	15	0
2	6,5
0	1	13,2
7	4
1,3	3	5
6	1
2,3	9,16
	5	26
1	6	2
0	2	5	14
1	2	3
3	40	0,1
3	2,1
1,0	1
2	0,11	1
0	2
0	13	18
25,1	15,8	15
0	0	0
21	6,3	10,20	7
10	3
0			1
0	1
0,3	0	
3,0	0,4	4,36
0	3,10	2	19
7,4	8
1	2
1	2,1
1	4,2
12	3,4
1	2
1	5,9
0	2	5
		1
1	2
0	1	2
0,1	16,4	9,16
0	0	
4	4	2
1	4	12
1,5	5	16,5
1	37,1	2,0
	3	0
0	3,7	8
1,22	14,21	
4	1	1
4	7
6,12	15	
1			1	3
12	2	9,2
2	5
1	1	1
0	0,1	0	
1	2
1	1	2	2
1	1,38
1	3	6
2,4	27
3	1	2
0	1,0	21
2	0	3
13,0	1,3
0	2,0	1
5,0	1	9,0
3,14	1,3
1	2
5,6	4
1	4
3	5	7,8
0,8	18,12	18,3
8	10
3,4	2,4
1	7
0	1	1
1,0	3	4
0	1	0
0	1,0	1
0	0,2		3
1	1	2
4,13	4,13	9
0	17	17,12
	8,2	1
0,13	0	17,0
2	13,9	25,11
1	2	1,4
0	2
1	3,12
1	2	3
3		3	1
2,10	0	0,15
17	2,1	25
0,14	60	6
5	29,5
3	2	2
32,3	2	33,2
1	2
1		5
3	1	4	6,7
32,0	0,3	3,0
1	19,20	3
0	6,5	6
1	2
0,1	0	2
1	21,9	11
1,0	5	4
0,7	1	8
13	2	9
1	2
0,52	9,3	4
4	0	1	9
0	1	2
4	5	4
4	5	10
4	5	7
2,10	2	2	1
4,3	3	4,0
0,14	1,9	2
0	1	2
1	1
4	12
1	1,2	2
0	1	2
0	0,1	10
0	4	3,0
1	2	6
1,0	0	8
3	3,0	3
0,41		0
13,1	0	0,6
0,1	1,9	9
0	2,6	6
2	2	26
3,1	20,21	28
2,0	3
4	1	6
0	1	2
1,3	
1	12
0,1	2,0	1
0	1,0
5	9,17	1
0	1	0
2	1,4
3	16	21
2,4	6,7	6	17
5	4,8	9,0
0	1,0	0
0	0	5	6
0	1	13
1	2	2
3	3,8	2,8
	4	4
1,0	3	5
1,0	11	12
2,1	3	12,28
0,10	10	23,2
3	7	4,15
2	0,1	2	1,4
4,1	9	16
1	5	6
1	17	17	15
0,1	2
0,2	1	1
36,9		9
5,4	4	13
3	2,0	9
0	1	2
1	3	14
16	2,3	10
1,3	2	4
0		1,3	0
1	9,2
1	2
3	8
0	2,8
0	2	1
1,23	1,2	3,0	1,32
10	1	2
1	2	11
	3	3,38
0	1,0	4
43,54	17	8,2
14,32	3	0
3	7	10
2	3,5
31	13	13,6
30	19	1
1	4	2
1,0	19	1
31		34,94
1	5
1	1	6
2	5
7,6	10	10
0	2
1			4		
0	5,0	18,0
0	7	0,2
1,13	18,20	1,20
1,0	2,1
0	4
4,9	2,11	19	13
4,0			10
6,0	3
3	1	0
14	2	1,2	10
0	2	2,0
0,5	2	13
1	4,11	2,1
0	1		2
0	9
1		1	2
5	5	0,23
1	2	2
2	1
0	1	2,3
1,7	10	6,9
1	6
1	2
2	9,2
	
3	4	7
0	15,66
0	2	11
0	1,3	3
1		0
3	5
1	4	11
1	7	13,12
1,3	2	28
0	1,2	3
0	1	2
1	0	23,1
0	1,9	14
0	2
4,13		0
3	11	0
1,16	1,35	
3,4	2	0
0	2,1
0		0
1	7
0	20	5
1	3	5
23,26	26	7,10
2,12	3,5
1	1	3
0	4	7
0	1,2	4
1,10	2
1	2
1,4	4,1	4
0	2
1,0	2,1	3
0	2,1	0
0	0	8
0,2	0,1	4,1
1,0	9	
0,3	1	2,6
0	1
5,0	13,2	14	10,6
0	1	0
0	1
1	1	
25	2	2,33
18		18,3
1	2
0	2	8
1	4,5
1	2
0	2
0	15	
1,3	2
0	1	2
9,3	15,5
3	2,0	2
0	1	0
1	5	0
0,1	2
1	3	3,10
0	4,5	4
2,0	0	25
1,0	0	2,12
2	12	11
1	2
0	2
0	24	13,0
0	17,0	0,15
10,0	1,0	11
0,8	0	0
0,2	1	10
0	5,0	11,7	4
1	19	19
0	3	12
0,2	1	11	17
3	1	2
3	1	2
6	16,5	19
27	0	2
0,1	2,0	2
1
1	2
6	1,4	5
1	5
0,6		0
1	2
1	8	13
1	2
0,3	4
3	3	6
1	3,10
0,1	0	
14	1	29,9
3	1	2
3	0,1	2,3
0	0	0
0	3,5
0	2	2
0	2	3	10,22
1,0	4	3
4	1	14,0	3
31,34		
0	1	12
1,6	3,6	9
5,1	11
0	1	2,0
0	1	2
0	3	8
4,0	1	8
1		2
4	2,3	9
0	1	1
1	4
1	2
2	8,5
0	1	2
3,1	0,2
1	2,1	8
0	4
0	1	2
0	2	6
4	5	7,0
4	0,3	3	
4	3	5
0	5	8	2
2,12	4,0	1
0	0,2	4
1	2
1	0	4	
4	15
0	1	5
1	0,23	10	
4	11
1,0	10	0,8
5	5	17
20	8,16	1,8
0,2	2
0	1	2
0,6	9	8
0	2,0	1
0,6	0,1	6,0
1			2,6	7
3,0	10,4	9
3	5	10,5	1,3
2,0	1	0
1	2
0,14	1
1	2
1	1	2,3
0,7	1	2
0	1	1
0	1	17
3	9	2
1	6
1	3	1
	2,9	4
2	3	7
0,21	9,5
1	2
0	1	2,19
4	5	8
1,16	3	
3	1	2
0	2,4	1
3	33,5
3,10	5	9
1,0	15	
3	17	17,0
0,2	6	2,0
25	26	
7,1	4,10	0
21	8,2	4
4	1
4,1	11
3	1,0
13	1	2
0	5,0	0
0		24,16
0	1	2
0,1	1	2
1	2	3
5,3
9	10
8	3	6
10	7
4,0	9	0
11,0	0,11	15
3	2	2,0
0	1,5
0	6	8
0	0	2
1,8	7	0
3	9,2	4	8
5,0	3	2
0	1	7
0,1	0,2	4
2	3,4	14
0	1
6	2,3
0	5	16,7
0	17	9,30
3,4	12,8	18,4
0,2	0	
4	7	15
	7	2
1	0,1	0
0	23,9
0	2	0,1
3,21	22,3	6
3,4	6
7	15	7
12,0	3	1,0
1	8	2
3	4
5	1,33	3,5
0	1	0
1,0	2
1	1	2
3	4	13
0,16	1,0
0	10
22,0	0,2	12
1	1,3
0,6	19	10	
0	16
0	11	6,0
1	1	2
0	10,5	0
0	1,0	0,6
13,6		
24,27	0,26	43,5
0,2	0	7,12
1	2
1	2,3
0,2	16,13	
14	13,0	8	14
1	1,5	0
1	1	1
2	2	13
0	2,10	7
1,9	1	0
3		4,5
5,1		4
2	3
15,41	15	14,24
4	9,15
5	2,3	1,2
12,0	1,0	9
0	4	
2	4
6,5	4
1	1	2
	5	2,16	
0,2	0	2
0	3	7
0,1	2,0	2
19	6	1	7
3	1,0	0,1
0	1
0,1	2
0	2	3
3	2
18,4	4,6	15,24
7,0	4,5	16
1,0	0	7,3
1	10	2
0	2	5
1	12
1	1
1			3
1	2	2
6,7	8
1	2	16	
15,10	10
4,1	3	10,1
1	2
2	10
2,16	2	4,6
1	9
1	1	7
1,6	0	1
1,0	0	
6,29	2	3
24		
4		4
0	2	2,0
0,9	0,19
0	1	2	3
0	5	0	0
3,1	0	8,4
1	2
0	1
0	0	19
2	3,1
0	9,8	5,4
0	1	2
3,6	2	0
4,2	1	3
2,3	1	18
0	1	3
0	1	0
0	0,30	0
10,0	5
3	1	8
1,17	1,10	24,6	1,2
1	0
1	2
3	4
0	1	1
1	4
0		4
0	6	6
1	11	0
0	1	0,5	
1,0	0,1	11,2
11	12,13	0
1	2
0	0	12,1	18,3
1		2	3
3	5,1	4
0	1	2
7	8
3	9,0	10
0	1
22	4	5
10,2	8,1	2,10
0		
0,11	0,11	2
1	2	6
0	0	2
13	3	3
11	108,9
3	1,2	2
3	5,4
0	1,2	0
2,1	15	2	14
3,21	4,2
	3	0
0		5,1
0,1	0	0
1	10,1	2,8
19	4	12
26	19
5	1	2
1,0	12	13
1,0	2
12	4	14,2
2	0,5
5,3	8	7,29
8	5	80	
7	11	12
22,8	7,1	22,11
3	0
0	3	11,3
0	1
0		1
1,0	2	0
3,4	7
1	4	1	4,3
3	1,10	12
0,1	8
2	5	7
1	2	8,1
10,1	7,1	3
1	3	14
1	2
		1
5	5,26	0
	23,4	27,0
1	2	8
4	1	2
0,6	2	1	9,27
1	0	1
0	1
0	7	3
0	15	2,0
2,19		6
0	1	0
9,7	0	
0	1	5
0	2	0
1	2,6
0,1	7	8,7
6,1	2	21
0	1,3
0	1,4	0
0	1
0		0
1	0,2	
1,2	1	22,21	0,23
3,1	6	2
0	2	5,2	0
1	8	8
4	6
2,19	7,12
0	21,1	1
40,10	43	
1	5	5
0	1,12	24
2,0	2,3	13
6,5
1	2
0	2,8	2
3	2
20,1	8,20
0	1	8
2	3	7
4,11	1
2,1	16,1
2	1
0	5,0	6
1	0,5	6
60	5,2	3
0,2	43	44
0	0,11	0,1
0	9,1	3
1	6	3
0	0,1	3
2	1,0	5
0	1	2
1	6	9
1,0		2	12	14
8,16	7	7,4
0	0,9	0
8	9
2	1	2
0	10	15
1,0	8	21,1
1	8
1	4	6,0
4	1	2,4
5	11,54	6
1	2
0	5	22
0,7	5
4	8	12
1	2
8,10
0	2,1	5
1	2
1	3
1,0	5,2
1	2
2	2	3
1,0	2
1,3	2
5,2	5,0
1	2
0,1	2,0	0,1
0	4,18	2
1	6
1,0	2
2	4
1	2	3
4	0	8
1	2
0	18,0	3
5,20	2	0
0	1	10
0	2	0
2	0,9	1
3	17	4
1,0	8,1
1,2	21,2	1
0	1	2
0	1
1,0	0,2
1,0	4	9,1
0	24	28	23
3	1,4	3
1,0	2
3	1	2
0	1	1
0	9	4
1	21
5,1	2	2
1	9
0	0	5
0	2	3
0	1	2
1	0,1
1	1	2
1	3,5	2
3	1	2
0,1	1	1	2
4	1,4	16
0	4,1
1,2	1,10	11
0	1
1	2	5
0	1,0
0	4	5
1,0	0	1
1	1	4
10			
3,0	0,18	0,6
46,64	44	7,54
1	4	5
0	2	11
3	1	1	2
		28
0	3	2
4	1	2
4,3	5	6
26,0	14,2	2
4	7,24	2
0	2	12
0	5	8
0	7	11
2	1,2	2
0	1	2
17	1	0
0	1	2
0	12	14
0	11,5	2,14	1
7	7,13	9
0	0,6	5,0
0	9	5,4
4	3,0	17,12
4	5,13	7
6,0	3,11	11
0	0	10
3	16
2,5	2,5	2,5
0	10		10
5	20	7
2	23,11	11
0	18	0
1,0	3	0
3,1	8,9	3,12
11	1
1	0	1
1,0	1,0	2,0
8	7,5	2
1	2
14	0		1
3,1	1	4
1	2
30	39	
0,18	10	27,5
0	1,0	12
14	14,26	1,16
1	8,13	17
10,1	9	5,18
25,1	25,41	19
1	2,18	10
18,0	19	18
0	0,15	19
0	13,1	2
20,0	23,24	24
0,23	21,24
0	11	1
3,6	3,6	4
1	1	2
1	1	4
4	2	23,5
0	1
0	1	11
4	11	16
0	1	2
0,1	1,4
18	14	20,23
9,10	16,17
6,5	0	7
0	0	0
2,1	1	1
0	4,12	
0	1	2,12
0	23,0	4
0	1	0
1	2
0	0,5	2
0,9	1	2
13	1	1,13
8,0	8	0
19,3	1	17
1	1	7
0	1	2
0	1	0,1	6
1,0	4	
0	7	7
3,0	1
1	2
1,10	30,48	
0	1,19
0,3	34,17	
1	2
3,19	2
0	2,3
3	2,0	13	13
0,1	1,2	4
	0
7,8	7	
0,11	0,1	8
1	2	3
4,5	8
53,32	71,64	0
20	0,2	2
0,3	15	0
6	6	11
1,2	1,6
7	11	4	7,11
11	12,5
9	5
1,2	12	12
2,5
1	2
11	12,7	8
1	4
3	5	6	
1	2
1	2	7
1		1	6
1	7,0
1	0	25
14	13,14	4
1	2	5
1	10,9
1	0,1
2	0	2,6
0	2,1	6
0	1
11,3		
0	1	2
0	6	3,4	
3	3	1,2
3	8
4		12
0	1	4
0,11	1	7,2
0	1,19	17,19
3,6	12	12
1	2
1	2
0	16,2
1	1
1	2
3	11	12
1,0	1	0
0	10	4
1	2
1	2	7
1	6,4
	1	
0	6	12,2
0	4	1,0
8,25	5	12
4,16	6	15
1	2
0	3,0	0
0	11	22
1,0	3	3
3	0,13
0	1	2
0	1	1,0
5	4	8
2	4	3
1	10,0
3	4	5
0	2,7	10,1
3,6	3,6	5,17
1	5,4	10
10,8	1	1,15
10,2	11,3	26
1,0	2	10
3	4	12
0	0,1	0
0	2,0	6,7
	6	
4	0	0
0	1	2
4	1	0	0
14	1
1	1	6
0,29		
1,0	15	15
1	2	8
1	2
0	1,9
3	0	
3	6	1
0	2,0
5	0	7
3,0	1,6	6,2
3,11		11
1	3,2
3	6,1	15,0	3
			0
3	10	5
1,0	21,0
1	2	2	2
9,0	24,7	4,7
0	0	1
10	10
4	7,6
0,15	4,0	4
35,17	1,10	23,29	
15,1	1	
0,12	1	21
2,0	0	2,12
	16,0
1	2	0,1
4	7	28
4,10	0	1
5,6
44,5	6,8	26,11
0	1
10,0	0	7
0	1	4	10,2
1	1	0
0	3
0,3	3	6	4
1,6	2
4	10,0	4	1
13	1,0
1	2	2	16
0	0	1
0	14	2
7,0	4,1	6
4	0
1	5,12	9
12	
0	6
4	0
0,74	3,0	20,24
28	38,0	0
3,1	2
3	8	7
0	2
13	2,8	2
3	2
1,15	1	0
0,2	0	4,5
0	13,1	8,0
7	11,10
2	3
2	2,13
3	11	2
1	2
3		5	8
3,0	0,2
4,0	13,25	28
25,1	5
13	7	7
0	1	4,0
0	5,2	1,2
0	3	2
7,14	5	7,0
4,0	1	5
3,2	56,1
20	1
1,6	3,0	10
1	0	1
0	9
0	8,9	12
1	2
4,2
0	1	2
1	1	11
	1	22
3	6
6,2	1
1	5
5	6,0	23,18
4,2	4
1	3
1	1,5
1	6		
3	0	5,0
1	7	14
3	4	5
12,11	12,11	15,13	
0	1	
0	1	0	15,19
3	0	2,16
0	6,1
12	12	12
8,13	1	12,14	8
0	2	6
0,1	1	5
1,0	
1	2	5
10,0	4,0	0
0	1,2		3,4
1	7	1
0	4,19	5
2	3
0,8	5	19
8
1	2,1	11,24
17	0,7	2,19
3	4
3	1	2
0,2	1	7,4
0		
0	0	5
4,5	7		7	1,7
11,3	3	10,3
0	1
0	1	2
3	7
0	1,12	2
1,0	0	2,0
0	1	2
0	19
1	2	2
1	1	13
1,0	2	2,0
0	15
3	1	2
0	16
1	1	14,0
51,3		1
5	1	14
0	2,9	
1,11	7	4
30,5	2,3	27	18
0	1	2
25,0		21	
2	7	14,13
1,0	0	2
1	3
1	1,16	22
0,1	1	2
0	0	1
14	2	1
3	1	2,0
2	2	13
1	2
0	2
11,0		2
1,0
3,13	9	3,9
0,8	1,2	9
14	1,0	0
0	1	2
1	1	3
1	2	10
4,3	3	1,2
6,7	7		20	19,6
1,0	2	6
3,0	0	3
1,0	1	10,8
20,17	4,1	0,1
6,0	1,2	0
0	1
0	12,0	0
0	1	0
0,3		37
0	1	16,0
0	0,1
0,51	35	0
0	1	
1,0	2	1
13	5
1	2	0
1	2
4,15	1	16
1	2
1	7	6
1	2
1	7,13
0,2	16	15,27
3		4
5,23	56,3	25,3
8,0	6	2
7,6
1,0	7	21
26	1	26
0,5		5
1	7,1	1
3,6	6
1	9,3
1	6
0	1,9	
2,0	3	4
1	4		1	
2	3	3
3	1	6
1	4
1	2
4,5	5
0,1	3,4	8
4	0,3	25	6
0	1	9
3,18	4
1,0	2	0
0	1,4	2,1
3	3	0	8
16		2,1
1,2	2,7	0
1	4	5
1	2,3
2	6
1	1
2	1,2	2
1	2
24	7,9	1,12
0	2	2
13	15,20	14
3	1	2
0	2
8	5	1
0	15	12,34
1	4,31	3
3	0,4	11
0	2	3
0		
1,0	0	11,0
0	1,2
		2,1
	0,1	3,14	
1,5	25	25
3,0	2,3	
1	1,3	1
24	17,0	1
7	8	8
2	3	10
3	2	4
3,22	3,20	12,0
1	22	18,5	
3	7,17	
14,5	14	14
1	2	3
8,7	6,2	14
0	0,12	4
15	2,6	5	15
0	2
6	0	7
5		18
0		2
13	2,0	10
	7	9,10
0	3	1
1	1	0
3,6	11,9
3,54	21,23
1	5,27	5,25
1,0	9	3	5
0		0,2
0	1	2
0	0	2,0	
0	3	5
0	0	1	3
1	10
0	10,2
5,10	0,14	19
0	2	3,2
0	2	3,2
	1	
0	8
0	7
0	0
78,5	79	120,2
14	12	3	6
0,1	0
0	1,5	0
1
0	2	12
1,5	1	4,1
18	1	2
4,8	4
5	4	12
0	1	6
	23	
0	5,2	6
0	0	1,2	1
1	4	4	6
1,2	1,2	6,0
2	1	1,11
1	6	8
0	1	3
0	1
0	1	9,11
4,1	1	
3,18	18,12	0,3
0,5	12	7
1,15	4,6
1	2	4
1	2
1,2	6
0,3	11,10
1	6,5
1,2	14
7	8
9	1		
5,1	0,2
4	4	4
2	3	4,9
1	2
16	2	10,3
6	7	1,2
1,5	5
1	12
6	13
1	2	18
1		
0	3
0	2,3	1,11
1	8
2	4,6
5,1	1
3,2	0,21
1	8,1	0
4	8
1	12	12
4	3	3
0	16,3	3
0	1,8	13
1,8	5,1
0	1	2
5	2	9,6
2,3	4
1	1	2
4	2
0	1	2	2
7		1
1,3	11	4,7
1,0	5	11,0
4	6
9	0	4
0	13	1,0
0	16	8
0		16,4
2	1,7	7
1	2	16
0	1	10
2	2	3
2		1
2	15,33	58
1	4	10,4
0	4
0	13,0	2	15
0	4
1	5,7
0	1
1	2
3	0	1,3
4,18	12	0
0	1	2
1	2	5,0
5,0	2,1	9,11
1	2
10	5	6,4
0	2,7
0	2
4	12,2	0
14	16
0	1	13
0	7
0	6,0	3
0	1	7
3	0	2
0	2
3	0	1
8,0	4	
1,0	2	10
4,3	4	11
1	0	2
4,2	3	
2	2,7	7
0	2	6
0			
3	2	10
0	1	8
0	1	5
0	0	2
1	3,0	3,5
0	0,6	3,6
1,12	12
1	2
1	2
11,15	2
1	2
4	8	5
3	1
17,26	17,4	17
4	0	3
23,0	2	23
1	2
0	12	3,7
0	0,8	6,5
0	1	4	9
4,5	5
2	1	0
		
5,1	5,11
0	1	8
0	2
6,7	5	0
5	7	16
1	4,1	1
1,0	4,0	2,1
1	2	7
2	3	11
1	17
2	3
1	3	4,6
1	2
1	0	4
18,0	13	18
2	3,4	7,8
1	3
7	0,16	7
3,2	17	22
1	1,6	10
0	1	2
0	1,8	8
1	1,11	12
0	1	6
3,1	11
4,6
0	1	2
3,2	1
0	2	3
0	1	0
0	1	5
0	5,0	1
2	2,5	8
9	6
0,20	1	2
0	0,1
0,5	3
0	9
0,3	1	2
1	2,3	1,0
1	0	2
1	0,1	2,0
0	2,0	1
0	2,12	1
0	8
0	3	1	4	
0	4,2
0,3	1	2
3,4		3
0,2	2	1,9
7,0	3,0	6
1,0	3	8,2
0,5	1	2
0,2	0,2	0,7
15	4,16	0
3	0,2	3,10
0,1	11	2
1	1
0	0	0
1	1,3	13,4
0	1	2
1,11	3
1	2
1	7
8	9	
4	1	23
1,4	2,0	
12	18	2
0
2	23
5	0	4
1	2
1	4
0	0	0
0,20	0,1	14
28,0	2	15
0	1	0
0	4	8
1	9	1
0	31,2	1,19
0	0	0
0	3,2	4
1,10	1	3
0	2	6
0	1	2
0,2	1	1
1	3
0	19,21
3	2	11
0	1	2
0	2
0	
5,9	1
0	3	7
0	0,1	4
3,6	20
11	0
		9
0	20	0,1
0,1	0,5
0	10,2	0,22
9,0	8	7
4	2,1	2
3	4	13
3	1	15
22,0	0	6,13
3,9	1,0
1	2	6
0	8,0
0,13	2
0	4,3
0,5	2	6
0,9		8
0	13
2,0	5	21
0	1	3
35		11,1
3,0	13	9
2,3	3	4
1,2	2	6
0	3,18	9
0	1,4	2
3	3	4
14	0	
4	5	23
0	1,2	4
1	7	7
0	0	10
2,0	0	17,12
1	2	8
1	4,3
1	1,7	12	7
0	1	3
4	58	4,8
0		1
0	1	2
5,1	8	8,0
0	1	1,9
0	0	2,0
2	3
4	15	3,4
1	1	1
5,1	4
3	2,3	2
2,6	3	2
	0	4
1	5,9	4
0	3	9
0	23,5
0	4,2	4
11		
0	1	2
10,11	14
0	0	2
0	1,2	15	
22,5	18	15,5
4	1	14
4,2	26,1	
0	2	0
0,6	1,5	11,6	13
0	23
6	3	16
0	2	8
2,0		2
1,5	8
0	0	0
4,0	1	2
11	2	16
0		3	3	
4	6	10
4,1	10	27
0,3	2,0	3
2	1	4
4,3	14	16
3		5
4,0	2,8	1
4,0	6,7
5	1	2
0,2	0	1
0	19	20,1
11,1	10	16,10
		
12,0	1	2
0	0	5
0	1	5
2	8	9
2,0	4,0	3
22,0	18,2	3,10
13	1,2
0	2	10
1,3	14
5	20,10	3	13
0,37	16
4	3	0
0,31	1,5	1
0,1	2	2,18
1	0	2
0	1	2
4	1,10	3
0	6	6	5
0	1	2
6,11	0	0
6,5	5	0,5
0	2,0	0
1	1,0	2
1	2	23	4	5	
1,0	3	4,1	0
1	9	10
2	0	0,6	2,11	
4		1,5
0	14	15
3,1	
1,14	9	9
3	4,0	1
1	2	1,14
0	0	0
0	0,3	0,2
1,0	2
9,0	0,17	4
4	1	3
6,1	0	12,6
0	1	13
1	8
0	3	15
0	2,14	1
0	3	29,16
5	5		19,7	36
1	7
4,0	10,2	16
1,4	13	1,39
0	11,14	0
0		
4,1	6,0	12,1
3	2,1	14
7	20,7	1,8
1,0	4
4	20
2	2	3	4
0	0	21,0
5	1	2
2	2	3	3
3,1	3	2,3	
8,13	2	8,3
2	14,1	8,3	18
11,10	11,10
0	8,4	4
0	1	2	
3,2	9	2,11
0	1	13
4,14	0,16	2
13	14	1
1	0,18	13,18
9,10
0	2	3
0	1
0,1	0	5
0,4	1	5
1,2	0	7,2
25,3	6,19	
4,5	14,0
5	3,0	15,18
2,0	12,3	12
1	1	7
0,3	1	4,0	7,10
0	
6	6,1
42,0	0	0,7
0,1	3	1
2,9	2,10
0,1	5,3	2
0,1	9
1,3	1
4,2	12
0	1	5
1	6	0	6
0,19	12	12,1
0,1	1	2
1	0,2	21,0	0
20,0	5	
0	1
0	2
1	2
4	0	9,0
0	10,4	0
3	21,1	7,2
29,1	10,2
0	1	2
1	2	6
1	8
0	1	6
4,0	3	0	0,15
0	1	2
26,0	1,0	27,26
0	1,2	1
2	5	2,12
3	13,0	3
0	1	2	
1	1,0	5
2,9	
10,0	14
0	12,1	0
3	0,10	11
1	2
7,0	4	3
1,16	0,1	7,0
1	2		3
5,6	8	11
1	0,11	11
0	0,9	0,4
39	2	5
0	2	9,4
15,10	0	0
0,11	12	6,0
3,4	5	8
0	1
3	3,20	1
1	1	0
0,1	4
0,3	3	6
1	3	2,1
12	2	6
0	1
0,5	0	10,0
4,5	10
0,1	1	2
1,0	4
4	7
0	2
1,2	1,4	4
3	4	12
0,1	1,12
3,2	8
1	2	10
2	4
0	2
4	5	6
4	2	1
1	2
2	2	2
26,2	18
1	2
2,4	1
1	2
10,2	1,2	14
1	8	9
2	11
2	7
2	3
1	9,11
1	5	2
2
1	2
2,7	3,4	7,11
1,4	5
1	5,6
1	2	6
1	14	2,9
1,15	3,2
2	7	5
2	9
0,5	5	7
1	2	15
3,14		17
7,0	1	2
1,0	0,1
4,8	17
3	1	2
0	2
20,2	22,0
2	4
1	2	7
11,5	2	5	19,3
3	7
5,1	0	5,12	6,8
22,6	16,11	16,22
10	11
3	4
9	1	5,6	10
1,2	9,2
5,17	1	24
1,0	3	0,8
1	2
3	1,0	0,2
0	0	0,6
4	3,5	5
0	0,5	10
0,18		0
1,11	6,18
0	0,14	
2	3	1,6
0,13	5,4	2,13
0	5	10,0
3	5,4	8,2
0	1	2
0	1	3
0	1,0	
22,1	44,39	24,2
3	4,5	6
1	1	17
7,6	8
0		1
5,9	1
1	2	7
1,3	1,0	2,9
1,0	0,16	1,4
2,0	2,5	21,5
16,12	2,9	0,19
0	2	8
1,0	2	2	
12,21	4,12	
0	1	2
1	0,1
0,5	18	
3	1	4
0	2	1,0
3	4,9	6,10
1,0	12,16
3	2	2,0	1
1,10	1,9
0	4	3
0	1	4,3
1,0	1	2,3
3,43		4
1,2	26,0
4	2	7
0	4	17
9	0
1	6,0	6,8
0	1	3
1	1	2	2
0,8	2
1	9	2
2	4	14
1	1	0
1	2	4
2	11,1	1
4,2	1	0
3	4,7
3	4	4,5
1	12,1	13,1
0	1,3	2
1	3
6,4
0,8	8,3
3,0	14	6
1		
0	1	3
1	15
5		
4	2
0,7	8,1
4,0	5
1	13	8
1	2,18	2
1	7	0,3
3	7,15	15
0	
0	0,3	0
0,3	3	17
16	20,0	
3	1,13	13,1
2	2,1	3
3	4	10
1,0	0,1	20
13,2	5	11
0	0	20,1
0	1,0	0
1	0,4	2
4,2	8
1	1	1
1	1,3	4,1
0	21,10
0	1,24	2
0	0,1	0
1	2,9		15
4,1	2
6	6,17	6,7
12	11	14
16,3	2	15,11
0	12,13
5,1	5
11,0	0	0
10	7,12
0	1	1
1	3,5
3,0	2
3	13
45	4	28,8
0	2	3,4
0	4	37
0	11,16	3
3,4	2
0,26	3,19
3	2	10
0	2	3
1,2	6	0	
1	1	5	12
0	1	2
0	1	7
5,17	1	
1	4,2
1,0	1	6
0		4,20	18
2,0		
1	15	19
0,1	1
35,0	3	20,15
4,0		3
3	4	13
0	1	2
0	1	4
0	0,8	1,0
12	1,9	0
0	1	2
0	1	1
0	1	1
1	3	1,0
6	0
18	9	3			4	7	
0	1
1	0
20,3	15,5	9,0
1	5
3	3
3	5	5,15
1	1	9
34	34	35
4		2	2
4,5	7,1
2,3	10,2	9	12
0,1	1,0
0	1	3
3	1	3,10
1	18,1	17
6	2,11
4	1,2	
2	5
2	8	6
5	6	0,1
2		4
1	2
1	6
11	16,20	11,17
1	3
1,5	2
2	3
37	27,37
		1	3	8
1	2	2	2
1	2
2,5	26,0	1,3
10	32
0,1	2,1	3,4	4
1	2	8
0	5
1	2
1,13	15
1	2,9
1	
0,1	1,2
3	2	2
5	9,5	6
1	2
0	1	1
1,0	28,22	1,0
5	7,6
2	3
2,8
3	4
0,1	0	0
1	3	2
4	1	3
1	2
4	6,5
0,1	2,1
0,5	
0	0	0
1	10	1	10
0		
1	6
1,3	1,9	2,18
	58	
0	1	1
0	1	1
5	5,3	0,20
0,3	2	1,0
0	2	3
0	1
0	2	12
16	5	24
1	2
0	8,7	11,2
1	2,0	1
1	1	11
1,0	0	4,1
5	
0	1
0	4	8
0	1	2
0,25	39,41	0
69	51	1
0	2
3	5
1	2
1	2
6	7	1
16,6	3	15
16		9	9
2	5	10
7	8	11
4	18	11,16
4	8,6
15,1	5	6
2	1
0	9,26	18
1	2	2
	
1	2
1	1
3	5
1	1	2
6,4	6,3	
0	1,3	12
0	7,0	1,5
0	6
		
53	25,5	6
2,0	2	3
2	8,9
4	1
0,21	0,26	0,23
35,0	1,20	20,10	9,17
0		14
47	69	80,31
1	1	2
0		7
14	10,4
0,1	17	7
1	1	2
0	1	2
3	11	7
3	1,2
0	1	9
2	1
2,4	0,31	1
1,2	0,10
2	4
2	17
1,17	1,2	1
1	1
1	4,1	22,9
0	3,12
	1	2
3	1
2	2	5
4	7
0	2
5	10
6	9
	0	1
1,0	2	3
0	1	2
6	24	24,32
2	0	0
0,5	4,0
0	1
0,8	7	
5,3	8	6
1	1	2	5
2	4	13
0	20,6	12
0	7
4	3	9
2	4,27	8
1	2
4	2
0	14	14
0	1	2
0	4,6	2,0
1,3	7	0	13
2	3
1	14
1	11
4,27	0	5
0	4	21
0	1,2	4
1	3	1	6,9
1	11,2	13
0	4	
3,2	4,1	21
5	6	11	12
1	18
3	3	4,9
1	4,12
1	2,1
0	1	16
1	1	5	5	5	10
4	5	17
1	3,14
2	3
5	5,35
1	2
5,2	5	9
1	2	7
2	5
1	3
6	3	1,5
2	18,1
2	12,2	2
4,7	4,7
1	3	27,29
9	13	16,13
11,12
10,25	10,28
3,1	2
1	3	1
1,6	6	1,6
1	2	11,16
8,7	14
2,0	0,4
0,6	1,2
0	2	3
17,8		6	4
0	3	2
0	22
1	11
0,5	2,4
6	17
0	0,10	1
0	1	9
6,2	2,1	5
26	1,7	2,33
1
2,14	4,3	0
3,0	7
14,19	13	15,4
1		3
3,9	2,5	
2,5	3	15
6	5	6
1	16
10	11,2	11
1	2	5
0	1	2
5	6,7
11	2,0
6	4	9
0	0	
1,2	3,12	9
4	7	9
2	2,10
1	2	4
1	0,1	
1	20
3	2
12,11	1,2
1	2
1	3
1	2
4	1,0
1,0	19,11
	3,9	9,2	9
1,3	2
4,31	1,37
1,12	1	2,10
0	1,0
23	3	
0	1		3	14
0
6,7	5
0	15,8	11	11
8	24	6	5
1	0,2	13
0	2
1
1,3	2
20	3
0	1	1,8
2,1	2	1
20,1	6,0	5
5,9	5	15
	5	
21,7	11,0	11,23
8	1	1
9	10	
9	18,0
7	5
0	9	4
5,0	19	1,17
0	1	12
3	7,1	6,2	0,4
5,2	3	6
1,24	11	13
		
15	20
1	2	
11,3	2,0	13,0
1	4
1	3,6
1	2	7
2	9,11
0	3,5	1
1	11
1	3,9	4
1,7	1	4
1	2	8
0	1
2	19		15
1	3	5
1	2
6	16
1	2
3,1	2
1	3,2
6	2
10	4	5
3,2	6
1	2	2
	8,0	10
1,0	3
1	12	2
0	1	1
0	2	2
0	3	3	3,2
0	1	0
3	4	5
3,7	
8	7
1,2	2,3	1,4
0	4	13
4	1
5	6,27
16	0	1,0
16,1	
0	15	37
25	2,0
7	8	3
3,6	19,1
1	1	5
1	2	5
0	1	2
7	23
3	3,7	1,5	6
1	0	2
1	3
1	7	8
1	2
5	1	
2	1
3	2,1	13	3,15
2,0	13,2	5
2,1	2,5	3
1	2	10
7,8	10	11
7	8,1	1
2	13
0	12	11,5
43,6	5	2,0	
5	5	2,7
0,18	9,2	13,10
1	21
1	1,24	15
9	16,17
2	4,3
2	5	
1	3	21,17
1	2
2	6
1	5	21
1	5	2
3	1,5
20,24		24
4,1	2
1	2	8
1	2
0	0	0
1	2	5
16	7,0	23
3	11
1	2
0	1	
1	1
5,6
16	6	8
1,2	2
1	6
0,1	1	12	1
5	16,2	6	
0	2
2	2	4
1	3
4,3	16		
0	2
1,12	6	7
1	10,0	13
1	2
9,35	3	21
32	10	27	
0	12,7	9	0,8
6,4
0,2	1	13
4,1	2
3	4	6
1,4	2
2
4	10,2
1	2,26
18	1,10	19
	5	8
1	2
10	13
2	3
2	2,6	0
2,0	1,2	
1	2	5
1	2
3,0	1	4
3,4	12,2
0,15	0,6
4,2	0	13
1,2	10
1,2	6
1,3
1	2	3
2	1	2,8
0,1	1	3
1	2
5	4,3
0	11	9
1	2,4
1	8	9,11
0	1,43
2,5	12	3
2
7	6	19
12,2	4,0	2
14	15,16
1,5	1
6,0	9	18
0	2	4
0	4	12
1	12	14	13
11,7	7	9
6,34	6	17
3,20	7
2,0	1	3
14,15	14,1	3
2,6	3	4
0	1
0	1,3	3,1
2	1
0	11,1
0	1	2
0	1	8
3	14
2	3,2	3
0,4	1,9	17
4	19	21
5,13	1,12	11
6	2	4
0	0	30,36
4,5	9
13	7	8
0	1	2
2	2,3
4,3	4,6	27
5	7	11
12	14,28	12,11
5	1	2	12
5	0,21	
2	6	26
10,15	10	6,1	6
6,0	8,13
6,0	5	11
2,6	5,0	4
0	1	3
5,25	25,0	67,7
9	5	5,16
5	15	15
6	23,24
6	36,33	36
2,6	3
24,29	4	6
4,0	3	10,19
0	4,8	7,12
10	24,25	
16,17	
0	4,3	11
3	1	5
13	5,4
21,6	22	14,6
4	8
7,8	20	20,9
4	1	12
0	1	9
0	1	2
4	7,15		20
5	7	13
0,2	19,1	2,14
14	18,1	5
6,7	13,32		
0	9	81
0	3	12,13
	
22,16	0,4	29
0	3	7
5,4	8	9
6,0	20	20,14
30,62		6,0
9,1	3	
5	6,5	5,6
12,21	7,33	30
2	9	2,6
1	3,2	4
61	61	2
1	9
2,5	10,4	4
9,17		14,34
0	0	1
1,7	12,3	9
0	5,18	11,3
1	4	5
3	5
18,16	18,87
5	5
0	1	6
1	0,12	6
5	4	4,2	3
0	1	10
3	11,3	15
14	16	30
4	7,6
1	2
8	10	3
0	3	0
1	0
2	4	5
1	6	6
0	1	12,1
0	1	4
2	3,2	4	12
0	1	2
3,24	1
4,2	4
10	4,5
5		
1	2	7
4	0	2
2,0	2,1
2	5
0,2	4,0	
2	8
1	2
2	25	29
1,0	16,0
1	6
8,0	2,9	6
0,7	1,0
1	2
0	1	18
2	2,6	4
0,13	10,6	18,7
0,1	0,1	2
2	3	5
	
12,0	15	13
5	16
2	7
1	12	1
0,1		26,10
3	3,8	0
0	3	4,6
2	10
4	5,4
0	9	4
1	4
1	2	5
22	1,3	2,4
3	1	1
1	19,22	2,3
1	2
1	2
1	22
0,4	3
13	3	3,34
4	17
1	2
13,1	13
1,0	20
3	4	0
2	2,1	2
3	4
2	3
3	10
4	7	8
13	1,11	2
4	4,2
0	1
0	2
1	2
1	1,3	2
0	0	7
3	4	4	5
3	2
1	6
	1	2	3	14
2,3	19
4	1	2
1
22	22	0	1
4	2	5
1	2	9
1	27
1	2
2	13
2,19	5	5
3	4
	7,8		12	12
1	2
0	2
1	2
2,7	32	
4	6
2	1
1,0	2,6
1	2
1	4	5
3	1	15
1	1
1,13	0,1
0	2
1	2
2	4	17
2	3	6
1	2	7
14	4	14
8,2	16
8	7	3
2	3	3
1	3,2	2
1,19	8
1,5	2
14	11,2	6,18
1	2
3	4	11
2	3
9	11
1	2	3
1	1	6
1	2
1	2
1,13	11,14
1	3
2	5	24
2	3
1	16	27
1,0	4
5	8,7
5	19	20
2,9	1
1		1	2	13
2	18	6,2
2	4
1	2
0,11	1
2	15
1
4,0	4	7
3,8	2
0	1	0
14,1	3
1	2
2	3	4
0	1
3	0	3,5
7	6,7
5	6
1	3	8
4,5	5,4
6,1	2,1	5
1	6,14	9
21,3	4
1,0	1	0
5	1
1	2
2,7	10,1
1	2	6
3	2	13
1,0	2	2,6
3	2
1	2	3
1	2	7
19,4	3	4
0	3	3,4	51
1,3	14,4	14,0
3	2
1	2
3	10,1	11
1	2
0,1	2,0
1	2
7	0,1	9
1,9	2
6,5	19,13
1	2
3	2
7	6
4	1
2,4	9
15,27	3	14
13,16	7
4,5	6,7	7
1	2
1	0,1	22,0
2	8
4	12	
1,0	2
2	3	3
14	8	16
1	2
1,7	2
5,14	3	6
		15,3	2	6
1	5
0	3,0	6,4	6
1,6	1	
1	2
6	
2,3	4	5
7		9
7,8
1	1	2
14	25,6	25,19
2,0	12
1	7,8	2
1	2
2,8	0
1	3	24
1,29	11,17	1	
5,4	16
5		8	9
0	5	12
5	5,1
1	2	4
2	9
2	20
1
3	2
2,0	34
1	2	6
1	3	11
12	2	5
0,1	1		2
0,7	2,1	2
13	2	3,13
1	2
1	2
1	7	1
1	1	2
4,0	6
5	3
15	2,6	21,6
1	2
0	14
1	2,32
1	16,4
1,0	18,2
1	2
11,0	1,11	0,11	10
	0,2	
2	18	17,3
0	2	3,1
1	3	8
3	2
1	2
4,5
0	1	2	3
1	2,15
1	2,13
1	6,5
1	2
5,2	2	1
10	22,20	2
2,7	2
14,9	14,16
1	3	9
0,1
3	5	8
1	2
1	2	10
0	16	5,7
10
1	2,18	8
1	2
2,9	15
0	10	15
1	0	7
4	5
3	6,4
1	13,1	1
3	7	2
1	16
1	2
6,7	3
0	1
	0	1	2
2	0,3
1	3
11,0	2
2	3	9
3	1	5
0	1,18	10
0	1
1	2
1	2
1	2
1,3	2
10,2	13,12
1	2
2	0	4
2	3
1,26	14
1	2
4	10,11
0	2
5	6
1	2
1			2
1	2
1	12,13
0,10	2,10	4
1	2
8	13,12
1	4
1	2,4
1	2,8	2
3	4,1
1	7	7,16
1,16	2	3
1	1
1,8	5	6
1	2	3
3	3
5	11
0	7
2	17,12
5	1	6
5,0	1
2	4
2	3	3
1	5
1	2
1	1,0
1	2
4	10	24
6	7,2
1	2
3	5
3	10,0	18
4	15	1,9
1,2
2	1,7	2
1	7,2
1	2
3	4
1,8	0
1	4	8
3,4	5,6
1
1	11,0	10
2,30	3
2,1	2	2
8,1	4,2
1	22,8
8		1	2
1	24,23
14,3	6,13
0,1	2
1	
1	2
3		6	3
4,0	2
1,0	2	3
0		7,8
1,0	3
4,6	6	14
1	2
1	2
1	7
9	10,2
4	18	6
1	2
7,0	4
0	3
3	2
0	2
4,3	5
2	11
2	18
1	1	1	2
5,30	8,15
2	3	4
0	7
0,3	4
2	0
1	14
1,0	0	2,12
5	6
2,1	3	11
1	2
0	2
1,0	1,0
1	2	3
2,24	2,24	21
10,11	18,16
	7	0	8
2,0	5	6
2	4
4	2
	1	2
0	14	3
0	25	11,1	2,9
1	2,7
1	2
2	5
4	5
1	2	2	2
4	4	1,2
1	1,0
1,0	8,2	11
1	2
0,14	1,2	14
1	2
1,39	2
1	2
1	3
1	1
1	2
2	3,4
0	2
3	2,1	
	4,7	16	4
1	8,0
1	2
0	3	19	1,33
1	14	4,24
1	12
1	3
2,10	10
2	4
0,1	7	25
1	3
1,2	0,8
1	2
2	2	2
1	9	3
1	4
0	2
5,6
4	5
1	13,0
4	8
4	4	4
1,0	12
1	2	2
18	1,8	8
3	3	1,5	2	3,7
1	2
1	2	2
1	2
1	1,4
4	13	12
1	8	2
2	4,3
3,1	19
1	2
2	3	4
14,27	2
6	8,2
4	2	15
1	5
2	1
3	13,3	5,0
7	10	11	
1	2	11,1
1	30
9
1,10	9
4	6	7
2	3
1	2
1	2	3
3	9	16
2	2
12,15	11
3,2	7
1	3,2	4
2	3
1,0	2
2,5	9,1
3	8	29	
1	2
4	5,6	
1	0	8
2,3	2
5	7	11	0,17
1	2
	2	2
4	5,4
6	1
0,8		0	15,13
2	13	2,13
1		1,0
1,2	23	5
6,0	3	3
3	15	13
17,1	18,1
5	6	7
2	10
10	9,22	8
1,10
1,18	5
1,0	3	2
1	19
1	2
0	3	3
1,2	3,0
7
2,3	4
7	4	4	16
0	2
	5	6,1
1	2	3
4	11	12	6
0	3
0	1,6
4	5,6	13
1	2
2
0,1	9	9,1
5	14,5	1
4,2	11
0	6
2	3,6
1,0
1	1	5,7
3	5
0,3	1
1	2
11	12,17	1
1	2,3
2	8
0	0,2	20
2	14,0
3	2	17
		13,0
1	4
5,4	7
7	8	5
3	2	7
2	3	4
1,4	7
1	1
1	2	3
14,1	2
1	2
0	2	3
1	1	2
3	4	7,24
7	7,11	1
1,3	11
1	2	8
1,0	7	2
16,3	15,58
2	8
2	4,16
1,8	0,1	2
14	2,4
1	10	11
3	4	6
0	2	
0	1
13	3	2
0	3	9
1	2,16
8	5	2
2	4	5
1	2,27
1	2	7
4	8	2,9
1	2
0,4	4
1	2	6
6,7	9
2,5	3
1,0	2
1	5,14	
0,1	7,0
2,30	2
1,5	1,3	1,8	5
2	4,7
2	7,4
0	1	2
2	1,2
1	7,2	10
1	2
1	2
1	6	0
2	9,20
2	5
1	11,14	21
12	19
1	2
1,2
4	4,9	4,5
1	13	20,11
1,6	1
3,1	2
2	2,3	20,30
2	3
1	2
1		6
1,3	23,14
5,4
1	
1	1	9,7
1	2	9
5	5
5,11	5,24
1	2
1,11	19
0,1	1,2	15
1,2	2
1	6
0,5	1,7	20
15,1	12	15
5,6	3
1	3,16
1	0
1	2
2	10
2	2		9
3	25,0	
1	2,12
2,0	2	17
3,1	1	7
11,4	2	6
5,14	4
1	2
1	2
1,2	3
1	2
1	2
2	10
14	15,11
13	3
2,4	1	12,6
1,2	2,5
2	3
1	2
1	18	5
6	7	13
5,4
2,0	1	0
1	2
1	1	2	2
1	9,1	14
1	2
5	2
0	12,2	14,5
9,2	11,9
2	3,15
0	2,18
1	3
1	2
17	1,2
2	3	4
0,5	2
1	2
1	6,2
0,3		5
1	1	2
4	19	2
3	0	0,1
1	4
1	4
0	4
1	2
3,1	3,11
3	9,1
3	8	20
1,0	3
1	9
1	2
0	14	23
1,0	3
3	2
1	2
2	4	8
1	2
2	6,7
1	2
5,1	2
2	25	
1	1	5
0	2,7	7
3	9,1	1
1	2	1
2,0	12,11
		2,1	5,7	
5,0	12	13,6
19	3	
1	6,22
0	1	2
13,5	2,5
16	5
4	7
1	0
6	2
1	9,11
1	17
0,4	2
1	4	6
1	21
0	1	2
4,3	9
1	2	18,12
3,0	11	1
7,23	3
0	1	2
0,2	21
0	11
0	2
3,10	13
1,5	6
0	6
1	2	5
1,4	2,5
8	3
1	2	3
0	8
1	2	6,7
1	1,0	7,4
5,0	8
1,0	0	2	15
1	2
1,0	3
1	2
55	2,0	8
1,0	1	1
4	7	16,17
3	2
3	2
7	7,1	11
0,14	3	23,13	12
4,1	4
2,20	4,12
4,2	2	6
2	2	8
0,2	4,2
1	4	0
1	2
21,4	5,0
1
6,0	10,4
3,0	4	4,0	
1	2	9
1	2
2	3
0	1	2
1	1	
1	5
2,0	25	1
1,4	6,2
1	20	5,27
4,1	2,7	0
1	2	10
4,5	2	6
4	7
1,32	34,0	33,17
1,0	5,8
5	8
4,5	6
1,2	10	
1	3
4,2
1	2
0	1
3	5
1	2
3	26,1	21
4,3	5
0,1	19,4
4		10,13
2	2,6
3	4	5
2	3,21
3	1	21
2	3
3,1	2,5
2,0	3
2	3	11,12	5
5	5,40
1	2
1	9,0	16,19	28
1	2,1	6
1		2
1	2
1	2	2
3,11
4,16	14,34	
2	3
1	2	16
3	2
9,19	5	11
2,41	
1,2	3
1	2
1	9
4,3	23	12
3	6
2	7
1	1	4
0	1	2
1	3	3,2	12
2	3
1	11	11
4,3
3		3,5
2	3
1	2
2,1	13
1	2
4,5	7	10	
12,0	9	2
2	6
3	9
15,11	24	5
1		2	3	3
5	2	2
2
1
1	2
3	16	7
1	1
1	2
1	2
2,20	3
0,1	1	2
2,19	3
6	1	3
1,0	12,1
4	2,10
2	3
8,0	1
1	2	21
1	1	3	4
2	3
0	1
2	8
6	3	9,4
1	2
2	4
1	2
2,11	11
0	0	1	2
1	2	6
1	1,3
7	9	18,8
11	12
5	1
0,11	10
2	6
1	2		2
2	3
4,2	2
1	2	2
13	0,1	4	5
1,4	4	2
28	11,0	28
2	6,9
1	2	2
6	12,13
2,1
1	1	2
7	18	16
1	2
1	9
1	1,2	10
1	
2	5,7
1	3	4
2,26	7	9
1	2,5	15,7	11
2	20
1,0	9	12
0	0	8
4	1	1
5,1	7,2	6,12
1	0	3
1	2
0	1	2
1	2
26	27	1,9
3,0	1	5,6
1,0	9
2	3
2	3
1	2	0
1	1	2
0	1	2
1
1,3	2	3
1	3
0,1	3,17	10,1	4
2,0	3
2	4,5
1,0	3	9
1	2
1	2
1	3	5
3	1
1	1	7
7	8
2	2,8
6	6	2
1,11	21,1	2
0	2,6
0	0	2
9	2
0	2	3
0	5	2
1	2
6	3
1	2
4	12	4,5
5	9,8
3,8	14
1,0	1,4	3
2	2	6
1
2,3	3
1	2
1	10
3	2,10
2	4
2,0	1,2
0	1	2
1	5,6
1	10
2	3
25,24	1	2
1,0	4	18
1	2
4	4	18,5
1	2	2
1	2	3	3
3	4
1	2,3	5
3	3	12
2	25,28	1
4,1	2,4	6
1	1	17,10
2	15	11
2	3	9
3,0	2
1	1	2	2	2	
2	9
3,13	5,0
4	30
2	12
3	8
1,12		2
0	0
1	2	12
1	2,1	4
	10,47	27	10
1	1	9,17
3	21,1	3	3
	
1	2
1	3
2	3
1	1	1
0,4	2,9	4,8
1	2
2,5	3,19	2
0,1	2
1	2	3
3	2	14,44	15,22
0,1	5
2	7	8
4,3	11,26
1,0	2,1	7
2	4	5
1	8
0			5	1
6	7
4,9	5
2	0
9	1,9
0	2	7
1	2
1,21	21,6	1,21
		2,6	10
1	2
13	12	5
1		2
0	3
3,5	12
1	2
2	11
0	8	2,24
2,25	16	7
8,2	0	5
4	5	3
2	21,17	0,2
3	4
0	1
1	8,4	7,0
2	5
8
1	2	3
0	8	
10,1	6
1	2
1	1	7	7
3	2	20,4
3,1	3,12
13	12
12,2	8	56
1,0	1
0	1
1	2	3
1	2
2,1	21
1	2
4	9	14
1	2
7,3	13
0	1,0
1		1	2	3		1
		2,21
1	2
1	4
0	6,1
2	2
1	4
1	1	2
2		7
7,1	1	17	14
1	2
2	5
1	3
0	1
17	2
2	5
9	14
1	2
4	10
1	2,6
1,8	22,4
2,0	33,22				
1	2	20,10
1	3
1	12
1	25,2	6
1	7	15,29
2	1
1	2
1,2	5	13
1	6,12	16,15
1	2
1	9	15
1	3
1	2,3	7
2,1	2
	0		0	
2	7
3	13
1	2
4	7
2	6	16,8
2	3
1	1	2
4	14	8
12,10	12
3,0	0	18
2	3
0	2	6
1	2	2
2,17	15,17
10	19
1	3	17
5	5,4	8,2	15,5
1	1
1	2
7	2
	2	28,16
1,12	2,1
1	2
2	3
2	4
0,4	1	12
1	2
4,3	5	5
1	2	13
1	2
2	2,18	4
22	9	10
1	2
2,1	5,18	21
1	2	2
16	7,4	3
1			2
1,5	15,3
2	3
1	1
1
2	3
18	1,6	4,19
1	2
1,4	4
1	6
1	2,4
2	2	3,7
1	2	9
1	8,9	5,13
1	4
1	2	16
3,0	14
1,10	2
0	25	5
4	7
1	12
4	5
1,21	3,0	15
1,11	0,4
3	3
16	21	9
1,48	2
3	51
1	2	9,19
4	7	8
6	2
1	3
1	2	10,22
4	2
0	1	2
3	7,6	26,46
1	2
0	1	1
2	6
6	3
8,1	2
3	2,7	13
2,1	3
1	10
0	1	6
1	2
4	2	3
0	2	3
1	10
0,5
	0	2
0,16	2,3
1	2
1	2,0
9	0	22
1,5	0,3			6,11
1,0	9	7
3	2,4	3	
1	2
0	1	1
1,0	4
1	5	0
7,1	2	6
1	2	1,8
3	4	7
2	3
1	3
1	3
1	2	9
4,1	1	1
1	1	1
0,22	13
1	4	
5,6	16
1	2	6
0	2	6
1	2
12,3	0	0
1
2,1	1
6,16	0
1	0	3
1,9	6
1	2
8	16,20	3
0	1,2
1,8	1
1	13
1	1	2
5	2
4,3	8
1	2
0	22	9
			2	3,19	21
4	3
5	14
1	2,1
1	1	2
1	2
3	3	4,5
1	4
1	2
3	8
2	10
		7		7	5
4	16
1	2
3	5
0	3
1	6
5,10	10
1	3
3	0
1	6
1,5	2
5
3,15
5			31
4	2,0	3
1,0	3,1
3,1
9,1	3,18
3	13,11	6
1	2
0	1	7
0,14	11,35	9,8
0	2
1
17	5	20
4	0,10
4,5	4,5
0	2
1,0	16,1
1	2	6
1,15	15
0,5	3,28
18	13
2,0	9
13	5	6
6,7
0		2
0	12,13
1	0
0,5	0
5	6
2	0	3
1	7
4	1,8
2,1	7
1,0	1
0	11
2	7
6	1,21	0,2
1	2
3	3	3
12	3
1	2
6	7,13
10,1	1
13	18	8
4	
4,5	4,5	3,4
3,4	4	10
3	2
2	5,6
0,1	3
1,2	9	
6,1
1	0	3,9	14
5,3	13	11,0
1	2
1
1	2	3
12	2,1
2	8,9
3,1	3
1	2	5
15	14	16
4	6	11
2	2	6
1			23
0	3	7
1	5
3	1
1	1,29	11
2	3,15
0	1	3	4
1	2
4	32	2
11	11,6
5,6
0	12,11
3	2	11
2	3	1
1	6	20,12
0	5	27
1	2	7
0	9
2,9	1,23
1	1	3
1	21
5	7	
1	2
7,15	6,0	14	
3	6
10	0
2	3
1	2
5	5	17
2	4
1	2	3
15,0	6
1	2	3
3	4
1,4	2
2	3
2	4
0	0,1	5
5	0	1	2
1	2
9,0	3	5
1	2
1,36	2	4
1	2
	4	4	15,2
0	1
1	2
2	3
4	1,2	8
1	16
4	5
1,17	3
1,4	4
1	2
2	4		
3,1	1,9	10,16
2	3
1	3
5	2	
1	2
2	6	2,7
	1	2
1	7
1	2
	2	1
1	2
	7,4
21,2	5
1	2
3,15	1,0	11
4,1	7,13
1	12	5
12,21	2
0	2	9
11	16
1	2
7	5
0,11	7,10
1	2
1,3	0	2,4
1,0	1
4	17,7
1	2	4,13
1	3	4
6,0	2,0
1	3
2,1	2
1	9
1	2
1	2	3
2	8
2		2	3
1	2	3,5
1	2
12	2	12	12	3,2	
0	2
6,4	7
2	1,7
1,17	2	22,20
1	9,10
2,28	
1,2	
9	1,2	15
0		16
1	3
2,1	4
1	2
3	2
24,55	9
0	2	19
0	1	2
4,5
1	0	2
1	2,0
7
5	11
5,4	21,2
2	4
1	1	8
4	4	1
1,2	5	13,4
8	13
	18	0,17
0,17	10
0	2	4
6,0	11,3
1	2,3
1,2	5
43	8	1,11
2	7
0,4	2
0		1
11,23	35,11	
2	7,1	7
4	5	8,2
1,8	0,1
3,5
4	9	4
1	
7	12
1	2
1	2
1	8
2	3
2	2,5
3	1	7
1	2	5
9	3	3
1	12,22	4,3
1	3	1
5	7	9
2	2	7
4,2	4
1	6,5
2	4
4,7	3
2	7	1,14
2	11	1	
1	2
8,2	1	14,1
2	5	7
3	1	2
1,0	0
12,1	1,10	12
0	1
2,5	2	3
1,5	2
1	7	14
3	7,1
3	6
3	2,13	6
1	2
0	4
1	2	3
2	7
1	16
1,24	2	6
1	2,4	5	
1	2	7
1	2
5	5	5
1,2	1
3	18,20	6,3
4	1
1,2	0	2
1	2
1	16	15
4,6	9	36
1,15	4,1	4,2
1	1	2
2	6	5
1	8,7
17	6	2
1	0,9
10	4,6
19	1,2	2,14
6	2	18
1	2	4
0	1,5
2,38	4
1,6	2	9,7
1	2
1	2
2	13
10	34,16
10,0	2
4	5
10	4	9
2	3,27
2	5	8
1	2
4	20	24,5
4	1
1,4	5	24
1	2
2	3	4	6
1	2
1	2
6	3	
0	2	5
1,2
11	10	75,11
4	9
0,9	20
0	2
21	4
3	4,5
5,15	4
17	1
5	4
1	3
0	1,4	10
1	2
4	29	26
0,1	1,17
5	3
7	0
1	1	5
0	1
3	4
4	4	4	5
2	3	4
2	3	15
1,0	2	8
2,0	1	6
1	2
5,2	6
10	7				
2,8	12
1	2
0	1
0	1	3
11	
11,5	2	17,21
15,2	3,5
2	8,13
2	3	
1	2
1	2	9
0	1
1		2
2	20
1	2	5
0	2
4,24	4
1,9	1
1	2
1,11	9
5,0
7,1	20,21
1	5
3,4	2,0
1	2
1	2
1	2	12
1	2	8
3	0,3	20
12,2	3
1	1	17
2	3
2,1	3
1	2
1	5	8
3	2,8
2	5,4	2	21
1	2	6
15,18	13,18	1,4
1	4	9
2,0	9,43	15
1
3,1	11,15	22
9,6	10
0	0	4	8
0	2
1	2
1	2	2
1,14	7
5,0	16
2	7
1	2
15	8
1	0
1	2
0,12		0,14	4			0
6,2
1	2
1	2	9
1	2
1	30	11
1	0
1	2
1	2
1		0
2	2	3	4
1	2	7
1	2
1,3	4,9
2,0	2	1,5
8,37	2,4	2,1
6	21	
1	2
1	2	5,6
4
1	3
1
0	1	2
4	5
1	2
1	12	3
2	6,7
11,2	2,11	40,23
1	3		6
1,7	2
2	4
1
	2	2	3		4
0	4,15	3,10
4	5,9
1	2
3	4,17
2	3	4
4	10
3	4	4
2	1	23,10
31	3,1	31
0,1	4	1,0
4,6	5
1,0	1
1	5
0	1	6
1	2	5
1	11,1
1	2,4
1,10	13
14,2	1,16
2	
1	12	5
1	3
2,5	5	
6	9	7
0	26
0	2
1,12	2
2	0	2	19
1,13	2,4	1
1,17	2	16
2		1
2,1		11	0	2,23
1	2	0
1	0
5	14	26,1
0,13	5,2	
1	7	13
0	1	2
0	3
2,9	8	5
3	4,5
5,4	6
3	2
2,0	1
1	1,24	3
1	1	2	3
1,2	8
3	1
0	4	8
2
4	2
1	2
23	10
1,5	2	5,1
5,6	10,56
5	14	3
1,4	2	3,21
0,1	29
1	5
3	3
1,0	2	
2	0,5
1	2
3,11	4	4
2,3	1
1	1,2
1,21	0,20
3	18	6
4	3
0	0,26	4
5	16
0,2	6,11
0,3	3,4
4	5
1	2
4,5	45
17	0	12,13	
1	2
2	2	7
2,19	0	4
0	2	24,6
4	23	4
8	4
1	3	3
1	0,1
1	0,1	14,2
4	2	8
1	2
2	11					20
4,7	1	4
0	10	9
1
1	2
1	11,2
7,1	6
1	4	12
0	3	2
0	3
2		2	3
1	2
0	1	5
4	2	9
2	9
4		2
1,14	
2	5,11
8	0	2,0	5
4,13	4
1	6,2
0,7	1	6
16,1	2	4,1
1	18
11	12	21	0
14	16,0
2	3	6
1	2	2
1	3
8	10
1,28	29,37
2	3
1	7	13
1	1	5	7,8
2	21
1	1	12,2
1,10	1	
1	2
4	5
1	2	4
3,2	20	4
2,4	2	12
0	3	1
1	10,3
2,1	2,1	40,0
0	1
10,0	2
2,12	5
10,1	16
13	15
1	5
11	3,9	2
1	13
1	2
8	7	9
7,5	3,2	2,0
0,8	13,1	4
44,28	1
5	6	2
5	20	5
2	3	4
5,4	4	4
2	16
1,2	4
0,10	5,20
3	5	7
4
1	2
1	2
6,4		20	6	4
21,0	12	0,7
1	22
1	3	19
2	5
1	2
4,2	5,2	3	5
1	22
20,36	48,20	0,36
1	2,6	12,2
1,13	4
1	2
1	3
1	11,3	2
1	2	2
2	4
2		8	9
1	1
1	2
2	2	11
1	6
0,2	4	5
1
0	7	18
1		7	7
1	5
1	2	2
0,7	6	7
2,3	7	8
1	2	5
5	12,7
10	0	11
2	10,9
5	3
1	2
3,1	2
1	1	2
3,11	4
2,34	17	10
1	14
1,0	2
0	2,0	5
1	2
2	1	0
1	2	
1	1	7	8
1	2
1	3
1	2
0	12,2	5
1	2
1	2,0
1	2
2	0
1	2
7	12
1	2
13,1	9
0	1
12,0	4
4	5	7
1	2
2,38	8,12
1	1	2
2	1
0,1	8
2	3
1	1	12
5	7,12	6	12,8
2,39	4
2	14,2	14
2	3
0	1	3
30	68	70
4,0	6,2
1	2
2,1	5	11,10
0	0
2	3
1	4	8
2,10	4	3
9,23	3
1
1	2
2	0	4
2	3
2	3
5,4	5,4
2,1	11,23
4	2
2	1
3	2
1	7,2
4
21	1,17
0	0,6	14,4
5	3	2
1,0	15,5
15,4	3,4	5
2	4	2	2
3	2	10
2
0	22,11	15
4	5
1	14	
0		3	8
4	2
1,16	16
10	6
7,3	2	30
20,44		0,4
20,0	7,20
1,8	15,5
1
2	3	5
12	2	3
7	8	9	10
0	5,1	8
1	2,11
4,1	2	1
1	7,1	4
1	1
1	2
1	1	0
2	3
0,13	11
1,0	0,15	2,24
0	3	
0	3
1	2	2
1,3	1
1	2
1	3	8	25
3	4	5
1	2
0,20	10,0
2	2	3
1	1,2	1
4	1
2	3	4
2	3
0	1	2
1	0,1
0	1
1
1,2	12,11
4,1	7,16
1	2
0	3
1	5
2	3	4
4	6,3
0,5	12	
1,4	1
15		5	15	6
0,1
1	2
2	6
0	1	2
4	2
1,16	1
0	1	2
2	15
2	2
3	4	5
1	2	2
1	10
2,4	14,4
13,3	1
1,27	1
0	0	2,0
1	2	3
1	2,4
0,15
					10
0	5	4
10	10	2,10
3	2	4
0	5,3	3,9
4,1	7	7
2	3
1	7
1	2	20
1	5
14	18	1
1	5,11
1	5,3	11,17
2	4
10	10	15	6,22
1,56	2
1,22	2	11,10
4	5
2	2
1	2
1	2	5
3	6
1,0	4,1
3	4
1	8
13	14
14,1	14	0,3
3	13
2	2
2	3
0	2,0
0	5	12,26
23,2	5
	
5	4
12	0,3
7	6,7	14
4	2
2,15	5
4	7
1,8	19
2	4	6
1	1,0
1	2	14
2	3
1	2
12	5	2
0	2
1,0	3	2
5,2	2
7	1
1	2	6
4	7
2	8
1	10
1	2
6,9	12,19
4,5
0	14,17
6	4
1	2,9
4,1	2
0	1
	0	1	2
0	0	14
6,8	47,27	7
0	1
14,1	5,3	3
	0	1	2
1,0	4
2	5
4	5
1	2,34	3
0	13,18	4
1			13
0	1	2
2	6	7
1	5,0	5
3,1	8,15
29,0	2	31
2,21	20	
0,1	4
1,0	2	2
1	2
16,1	2,18
1	11
8	4,3	8
6,9	9	13,9
6,1	33,1
1	2
1,0	2
2	3,2	4
1,0	2
		
2	2
10	11
1
3	2,1
1,0	22,1
1	2
	6,0	30
2	
3	1,7
10	10	10
1,3	4,11
5,1	6,7
2	3
0,1	0	
0	9,0
3,4	2
5	2
1	2
0	2
0	2
1	2
2,1	2	7
1	2
1	10
0	8,0	11
1	2
0,1	2	6
7	1,11
1,2	15,1
11,2	3	10
1,0	0,2
1	8
3	8	5
3	5
0	5	3
1	18,16	
2	5
1	2	8
1	1	2
6	9	14
7	1	14,23
4	8,11
1	2
1	3
16,1	2	0
4	6,1
1	2
2	4	6
4,11	11,9	11
1		2
1	8	7
6	30	3
3	1	12
1	2
5,6	6,4
1	2
2	3	4
1		5
1	2
2	3	5
3	5
4	2	26,5
2,1	3,1
1,26	2
2	1
1,7	1,8	2
5	2	0
0	11
1	2
2	10	
1	2	2
1,5	5
1	7
2,1	3
1,12	4
4
2	3
17	1,5
1	3
1	1
1,0	2
3,1	2
1,2	4,19	5
0	15	16
0,1	2	3,26
21,7	7
1	4	5
5	3
2	3
1	2
3	1	2
9	16
1	2
1	0	12	
1	1	1,9
0,1
1	6,2	3
3	2	3
1	2,1	7
1,11	5
28,31	6	15
9	12,10
1		4
1	0,1	3
1,4	2,17
3	2,1	2
1
3	0	
4	0
0,1	2	9
3		1,0
20,3	9,14	13,4
3	8,2
5	3
3	3,13	1,13
1	2
0	2
		
1	5,0
1	19,20
1	0
14,15	15
1	2
2	3
3,2
1	2
4	9
17	2	9
1	1	2
2,1	3,6	23
3	1,0	2
3,0	3
0,1	35	
1,18	1
1	2	3
1	4
0	6,4	9
0	8
2	1	7
14,0	14,6	6
1	2
1,0	18
71,2	1,24	58,37	18,1
4	4	1
4	2
4	2
3	9,3
1	9,7
2	3
6,7	11
5	2
1	7
1	2
2	2	7
3	4
2	3
15,6	2,3	1
2	2	5,7
0	1
1	6,1
4	2
2	13	10
11	1,3	2,0
2,1	12,19
0,1	13	9
1	6
7,31	10,11
1	2
1	4
0	2	17,19
11	10
2	0	5,11
3	1	10
1	1	20,17
13	3,0	1
2,12	3,2
2	10,1	4
1	2
8	9
4	5,1	11,24
9,3	8	0
1,0	7	4
2	3
1	1	2
2	18,12	18
1	2
4,5	6
1	1	5
1,0	9	6,11
1	2
3	4
0	1
6	4
1	4
3,2	8
1	5,10
10,4	12
1	2	8
1,0	2	1
0	2	7
3	0,6	
1,0	3
0	2
1	0	2
1	2
0		2	3
1	3,2	3,11
0	3	8
1	2
1
2
4	6	6
4,5	2
1	14	14
2	4
3	2	12
3	11
1	2
1	8	11
0	2
1	13
0	0,1	2
7	12	12
0	2
1	2
1,2	12
19	31	7,10
1	2
0,1	9
4	9
5	6	9
2,1	2,1	
4	2
2,4	2,4
1	2
1,0	
1	2
4	0	4
2	3
4	5
1	2
2	3	4
0	0	5
11,3	3,2	9
1	5,2	4
1	2	3
1,2	22,6	1
2	3
13	6,8	2,5
1	2
1	2			2
2	4
0	2
2	3
4	6
1	18,3
1,0	2
4,6	6,7
0	0
16	17,15
0,1	5
3,0	1	2
2	17
	0,1	1	2
1	2	3
5	8	27
1	2	3	1
3,14	13,3
4	12,17
1	8
11,22	2
4	1	
3	0
5,0	5	9,28
3	1	5
6,1	11
1	2	6
0,7	1	12,9
1	2
1	1	6
2	1	6
1	12	1,7
2,3	3
1	1	6	4	4	5
2,25	13,7
2	1,2
1	3
5	10
1	1	2	2	1
4	8
1	30	6,9
2	0	1
2	3
1,13	2,13	3
1,0	9	3
1,2	8
0	4
1	6,19
0	17	11
1	2
4	2,4
3	2
2,3	
6	1	3
2,3	3	8	0,3
1	2	2
0,1	1,11
1	6
4	1	2
12		1
6	30,36	5	36	38
1	2
1	2
1,0	4,0
6,3	20	9
4	3,9
4	3	7
1	5	8,15
1	20,19
0	2,1	16
2	8
3	0
3	9
2	11	18
1,4	2	5
1	2
2
3	28	49,11
8,9	12
2	3	6
1,4	5
4	15
0	1		1
11,4	7	13
3	2,7
0	2
0	3
6	6,46
4	2	13
2	4
2	14
2	15
1	2	6,5
1	5
7,4	5
3	2
2	1
3	0	13
2,3	6
1	2
4,3
1	2	2
1	7
7,4	2
0	15,23
1	3	2
3	2	2,10
3	5	28,5
4,3	2
1	6
0	1	2
1,18	2
1	1
1,0	6
1,2	1	1
4	5,14	1
3	1
0	1
6,1	9
1
1	12	16
7,8	8
6,7	30,14
0	4,12
1	2	2
1	2	14
1	2
1
1	2
2,0	1
1	5
14	20	55,27
2	11,7
1	2
0,1	6
1	0,12
13,0	13	18
0,10	2
4	3
1	2	8,2
0,20	2
7	10,6	8
0,1	2
3,4
0	2,0
0,1	2
2	6
6	3,5
1	2
18	5
1	2,1
0	2
7,0	10
5	16
1,0	3
7	5,20	7,33	5
1	2	3
1	2
12	14,11
4	0
1	1
3	10,7
1	2
1,5	11
1	2
1	2
1	14,15
7
1	2	7,2
0	1
0	2,4
2,7	2,5
0	1
5	11,5
1,7	7,26
1	9,1
1	16
7	2	10,6
1	2	
3,0	2
5	7
0,5	21,2	28
2	5,3
2	0
1	4	5
13,19	9
5	1
0	0
1,4	2,15
1	6
1,0	1,4	3
8	5
1	3	4,9
3,4	10
0,1	0
	0	12		9	2,33	1,2
12	4,1
0	2	10
2	2,13
3	8
0	1
1	2
10,11	13
7	7	2,0
1	2
4	7
4	15,1	8,6
1	6
2,0	8
1,4	1,2
1	2
3	4,7
8	10	29
2	3
0	0	1
2	7
39,1	2
1,2	7	4
0	2	9
7	27	28
0	17	0
0	2
1
1	2
1,0	2
10	0	2,5
1,0	4,13	9
7	13,3	19,27
1	5
11	12,1	4	
1	2
1,6	1,0	7
2	18
2	12
4,5	11
0	1	2
1,4
1	2
2	14
1	1	2
1	2
11	3,11
1	29	10
1	10,2
1	1	2	9
1	2
2	3	4
1	2
3	4
6,16	3,15
12,1	4
12,3	13	13	5,12
1,0	2	40
1	2	3
1	2
2,15	3	12	6
5,2	6	6,4
1	2
1	2
0	1	6
1	2
0,1	2
1,12	1
0	1
6,15	1
1	4,25	2
1	2
18,4	1
6,2	0	2
1	2,5
1	2
4	2,13
2	8
1	2
2		2	3
1,0	0	0	3
0	0	1
5,1	2
2	4
2,1	6,9	18
4	9,10
8	12	4	2,7
1,14	5	2
2	3,4
5,0	2
2	5	4,1
9	10
1	5	7
2,5	9	5
1	
10,68	0
1,2	10,3
37		
0	3	5
1
7,6	8
4	2
1	2
5,11	2,5
2	3
4	6
9	7,18	4
3	0,2
0	2	1
14,8	7,8
4,2	6
1,3	30,1	8,1	0
1	2
0	4
1	9	9
1	3
1	2	9
0	1
1,0	11,15
8,0	0	0
1	2
18	13,4
1,0	7,9
0	6
11,1	2	11,1
3	2
2	8
3	3,4	11
2	3,17	12
0	1
1	2	2
2,1	3	8
4
0,1	2,3	6
1	12	1
0	1	12,18
1	2
1,0	10
6,4	1
1	2	13
13,4	6
2	3
1	23	6
4	8
2,8	2,1
8	1
1	2	7
0	4
2,4	7
0,1	2
0	2
0,1	17
2,5	2
3,5	7
6	3	0
1	0,9	
		1	2	11
1	2
	3	4
1	
1	2
40,9	14	4,17
17,2	3
1	8
4,0	19
3	4,5
5	10
7	23
1	2	11
1	2	4
2	3	5
0	5	5
2,0	3
17,0	27	3
2	4	14
7	1
1,0	5,4
9	10
0	0	3,11	7
33,0	19,3	7
0	2,6
2	4	5
2	3	4
2	4
1	1,0	2
2	7,3	4
4,3	8
1	1	2
2	5
2	3	4
5,1	3
0	1
1	2
2	3,7
6	10	2
1	2	2
1	16	5
3			9
14	15	11	
2	7,5
3	9,10
10	21,3
1	1
1
2	2
1	2	2
1	5	4
1	7
7,2	9	4,9
1	2	7,6
2,1	4
1
2	3
12	6
23,0	25,23	26
2	15
1	1	4
3	4
5	14	15
1	11	6
5	10	4,5
2	3	3
1	2,3
15	22
1	2
1,0	21,0
5	11
1
5	6
1	2
1	2
1	5
3	7,4
0	1	2
1,0	2
4	1,6
1,18	13	4
1	2	11
0	12
2	2	13
1		2	1
2,5	3
1	3	6
	
	10	25	9
1,0	2
32,4	8,9
11,5	11	0,12
3
1,9	2	6,2
1		8
1,2	6	
1	8	9
8,18	6
1	6	10
0	1,10
13	23	15
0,1	5	6
1	13,23	28
5	19,11
2,4	5
1	8
6	6
7	1	1	8
2,13	5	2,8
1	8
0,27	1
2	3
1	2
1	2
14	12,2
2	3	14
4,1	9,10
26	1	2
1	2	2
15,0	0
	37,50
2,0
13,14
3,8	6,2
0,8	5,42	2
0,8	7,2	1,8
5	4	25,24
1,0	6,4
			
1,2	10
5,6	8
1,0	2
8	2
8	1,0	10
5	2
2	7	8
5,4	23
18	0,1	6
9		
0	2
1	2
0	1
6
8,6	27
4	3
2
5,0	6
5	6	8,18
1	2
0	2	8
1	2
1	2	3
17	1	2
1	2
6,20	34,6
2	9
1	2
0	1	3	11
2	4
31,9	1,27	4
1	3
6,0	5
6	2,5
2,0	16	7
5	2,6	4
1,7	3
1	2	7
4,6	11,0
3	11
2	3
6	3	8
1	2	6
1	2
0	8
1,6	6
3	3
0	1	2	2
1	2	6
1	3,1	0
2	3
1	2	3
2,1	3
1,8	2,14	4
1	7,3	2,13
1	2,12
0,2	2	3
1,0	0	8,9
1	13
12	10	5
0	3
4,14	
1,2	4	10
1	13
2	4
14	21
6	17
0	1	3
2	1	4
0	14	1
1	7,1
1	2
4	1	2
1	4,2
2	3
0	2	
2	3	4
15,4	2,4
1	2	3
2,46	6
0	4	7
60,0	2
4	4		6,5
4	6
5	1,6
1	2
0	6
1	33,3
2,1	3	4
2	3
4,13	4	9
1	2	10
2	1	2,3
1	2
3	3,2
4,1	13,0	13
4	14
1,4	10,29
0,18	4,0	1
1	3,0	9
1,19	4
6,4	2
1,0	12	1,4
1	2
8	3
7	20	20
1,9	13,19	0,22
1,2	6	3
1,2	4
3,0	5
0	3	17
3,9	8,28
3	1	7,12
2	5
0,1	12,5	21,19
5	5	6
2	3	4,23	3
1,0	2
1	2	7
4		18
1	5
0	2
3,0	23	1,3
1	0,15	0
1	2
2	3	6
1,0	9
2	4,11
1	2	3
1	2
1,13
1,0	5
2	1	
0	1,9
0	7	6
4	2
1,0	0	2
	
2	4
0	3,25	25
2	6	6
1	2,0	3
	
2	11,16
1	1	2
1	2	5
	1	2
2,0	4
0	1,50
0	4,3
6,1	2	3
0	2
1	3
3	9
2	13
1	
0	5,6	3
0	2
1	2
17	17,3	1
3	2
0	1	2
1,0	3
2	23	4	
6	0,2	12
1,2		2,0
1	
4,1	2	2
1,10	13,2
0	5	6
1	2	10
9,4	2,24	
0	17,18
1,17	14	24
2	6,1	7,16
0	1		3
4	13,11	1,12
1	2
4,6	4	13
2	3	4
1	2
3	4
1	2
2,4	2	6
2	3
4	11
3	3	4
4	4	11
13	1,13
1	3	2
1	2
1	2
9,1	1	1
0	1,7
	0,4
1	11
2	4
7	8
1
1	2	5
3	7
0	3
5	7	2	
2	3	5
3	15	9
1,19		32,20
3	4
		1,0	3
5	8,21
1	2
2	1	4
1	2
12,1	4
16	29	1
2	5
1,15	2	3
0	1,6	2
1	2	1
1	2	8
2,5	35,14	39
1	2
12,7	18,1	16
0	0,8
1	2	3
0,1	2,13
4,1	11
1	2	3
10,1	14
1,14	12
18	2
11	3	7
0	5,0
1,0
5	1
3	3,9
1	12
1	6,2	19
3	2	9
1	10
2,3
2	14
11	7
3	2
0	2,1
2,1	2
1	2	2	12
1	2
4		0	5,14
1	2	3	4
2	11	2
3	4
2	2
1	6,7
13,1	14,9
2	0,16
2	4
3	2	11
5,1
1	2	19
1	2
41,38	55,38
4	2	10
7	1	0
1	12	7
2	1
1	3,11
2			18,2
0	3
1		1	1	10
2	0,6
1	1	15,26
2	4,11
0	1
1,0	27	27
0	8
8,3	6,8	7,8
1	2
1	2,3
1	2
1	2
15	10
1	2
1	2
1	2
0	1	2			2	4
0,8	17
1	2
1	1
8	7
3	2
0	3	9
3	1
0	2
1	2
1	3	0
25,8	33,13
16	17	2	1
1,4	16
2	6	23
3	5
7	7
1	3
		0		0	2
1,6	3,10	10
1	9
	0	2,0
1	2	5
3	4
	2	9,11
1,0	2
13,2	15	2,16
0	0,1	2
1,0	4		
6	23,0	10,13
1	2
1	2	3
1	3,5
13	14
1	0
1	2
1	2
2	3	23,4
1	2,1
9	4	9,17
2	2	3
4	15
2	2	0,1
2	3	5
10	3	2,5
1	2
19,18	5	6
13	0	3,9
2,20	2,17	2
1	2
1	2
2	4
1,6	2
1	2
4,1	7	8
9,5	5,0	6
7	2,54	22
1	2,5
6	0
1,2
		
0	13
0	2,5
1	17
1	
6	7
5	6	8
4,5	6
1	2,3
0	7	9
1	3,0
1	2	3
16	0	20,7	9
3	1,6
2	7,3
12	16,17
3	2,0
2	1	4
14	0	7
2,4	0	4,35
1,2	15,1
	13	0
4	4,3	6
0,2	4
1	2	17
1	3	3,4
1	2
10,1	8,7
1	15,12
0	1	3
1	1,2
1	3
1	6,18	2
1	2
8,1	9
1	2
14	15	16
2	3	5,1
1,2	5,4
1	2
3,26	7,22
1	2
0	1	2
9	3
0	7	15
1	2	9,8
0	1	2
14,1	15	1	14
3	4	4
1	12	1
8,9	16
4	5
5	8
2,0	0,4
45,13	75	32
6	5
1	2	3
0,41	1,12	4
1	2
1	3	3
1	1	7
3	4	4
2,0	2
1	17
1	2
4	1,5	22
0	1	16
2,4	4,10
13
0	19,15
5,3	1	
0,8	4,1
1	10,11
3,0	3,0	4
1	2
	2,0	4
1	2,3	3,13
0,3	11
1	7
1	11,2	12
0	5
0,1	0,23
12	1	12
1	1,0
1,2	8	0
0	0	1	2
2	2,0	13
1	2
1	5
0	16
2	2,11
1	1
1	2,19
4,0	4	10
0	5
2,7	3
1	1	2	2	2
2,22	11
1	2,0
0	10,0	1
1,17	2	
6	9
1,2	4	12
0	3
2
1	2,6
4	5	7,6
3	3	2
0		2	4
0	3,2
1	2	2
0	4,8	7
1	2
6	2
0,1	10,12	6
0	1	2
1	2,0
1	3	5
4,5	10
4	1
0	1	5
3,2	15
1,8	2
1,0	1	13
2	4
0	0,5	20,14
4,13	19
2,0	3
2	5
1,10	2,7
1	0,13
5,2			2,5	10,8
1	3,0
1	2	28,44
1	2
0,1	42,0	2
	4	10
1	4
1	2
5,4	9
5,4	13
2	7
1	2	7,8
1	2
4	2
8	3	4	2,22
5	2	14
4	3	3
0,24	0	2
4,5	49,51
2,4
1	2
1	2	3
1	2
1	2
2	2
1	2
1	2	2
0	6	5	5
1	18
1	2,14
1	3	2,0
1	2	3
1	2	4
1	5	2
4	5,6	7
13,3
15	15,16
5	14
1	2
1	2
5	7,9
1	2,5
0	2	16
1,20	5	0
3,1	7
1	2	2
1	8
0	5,14	6
1	2
1,0	3	4
3,2	6,4	13
9	2	3
1,29	1	7,29
0,2	4
1	5,8
0,1	2	15
0	11,24	1
1	2
1,8	1	2
1,0	1
3	16
0,1	2
1	2
0	2
0	18,23	2,18
7
1	
1,0	10	18
2	0,3	3,23
4	11,3
1,0	7	
1	3
0	2,20	4
3	18
1,12
4	8
2	3,10	4
1,3
5	11	4
13	10
2	3
10	2
1,15		0	5
1,2	8,2
1	2	7
2	14
6,2	3	7,3
1	2,5
5,4	6,10
4	1	0	15
2	3
1	2	5
1,2	18,2			31
6	2	12
30	11,4	15,20
1	17	20,2
5,4	6
17,7	12
0	4	7,11
9,6	14
3,4	10	16
1	1,2
3	6
1	2,23	9
2	3	5
1	2
0	6
1,0	0,1
3	4
1	2
1	2	7
8	19,15
1	5
2,32	11	17,16
1	2
4	10	39
3	3
4	9	10
10	2		
2	5,27
1	3	4
2	2	5	3
1	2
2,0	15,6
2,4	9
3,1	5,11
1	3	7	1,10
3,6	7
2,3	1,2	4,11
	2	1
0	3		6
10	2	18
0	1
1	2	12	7
0	18	17
3	2	2
4,1	2	19
1	3
6	6	10,2
0	16,11	5
1	25,4	5
0,10	8	9
4,7	6
4,10	12
0	8,0	8
9	7,21
3	1	6
1	2	2	2	2	2	2
1	3
0	2
4	3,18
1,5	4
1	1
1	5,4
1	2
1	2	16
2	6	6
1	3
3	2
5,10	6
1	0
0	1	20
9	11
10	9,7	9
6	13,14
2	3	7
8	6
6	7
6	10,14
1,0	2
14,17	11
1	7	8
5
18	1,2	4
3	4
	1	29
0	10	3
2	3	7,5
3	4,8
1	2
6	15,9	15,4
2,24	2,17	24
0,1	6	4
0	1,16	13	
0,1	8
0,1	8
2
2	14,1	2
2	3
1	1	2
1	1	3
0,1	0,17
0	3
1	5
0	2	23,4
1	2
1
1	2
1	2	2
2	3
4	6,5
1	2
1,8	23
1,2	8	18
1	10
1,6	7,2
1,28	3	4
0	7,0	0
2	6
14,10	11,4
1	2
1,12	4	2
56
1,20	14	8
3,4	0	6
30,16	16	20
1	9
3	9	16
3,14	0	6,12
1	2
1,3	10	35
2,12	2
2	3
2,4	15
0,1	2	2	8
3	6
2	23,11
1	1,2	0
9,4	2,3
1	2,5	11
3	4	1	6
0,1	15	5
1	2,8	5
3	6	4
1	2
1	2
11,1	3	0
10	9
6,10	5,10
2	3	4
0	1	4,5
1	11
4	5
1	2
1,21	0	3
2	3	6
0	30,0
3,1	4
12,1	9	1
1	2
1	11	10	16
1	7
9,1	0,6	9,1
1	2
4,34	39,5
	
2,1	2,1
1	4
2
1	3
29,5	20,12		20
3	13	0
1	2	3
1	2
1,2	15	5
1	2
5,1	3,6
1	2
14,1	16
1	2
2	4
1		19
1	3	22
1	2
5	13
0	1	5
4,1	3
11	14,26	2
1	2
1,2	4
1	2
2	3
0	1	2
32	1	3
1	4	4
3	6	15
0	11	21	5
1	6	11
4	31	15,4
1	2	2
7	1	2
1	2	4
2	6
4	1	5
12	0
2	3	4
3,0	3,4
1	4	0
1	16,15
1	2
2	3,16
2,0	2	9
1	4	3
	3,4	4
2,3	6	19
11,10	0	19
1		1	2
0	5,8
4,1	10	4,7
4	1
1	2,0
0	6,7	18
0,6	18	19
1,3	6,8
1,24	2	5
1	4
0	1	1
1	2	
2,34	6
0,11	16,0
1	19,3	
2	3
1,0	13,17	1
1	3
1		2
1	1
1	2
2,11	5,3
1	11
1	3	1
0	1
2	2
0,20	1,21	39
	
3	4	9
1	2
1	2
9	2
3	2	6
0	1
1,10	2
3	0,2
0	1	2,8	13
1	2
1	0,1	14
0,2	1
1,0	8,9
3	5
5	1	14
4	2	13
1	2
1	1,6	2
1	2	17
2	11
0	24	24
1	14
5	7				
5,4	4	5,9
0	1	16
0	0	0
1	2
2	1
1,0		0,1
0	1	6
2	4
2		2	4	0
1	3	4
1	2
3	2		10,9
1	2
1	2
1,0	0,5	2	1
0	1	5
2	4,0	6
2		2	3
1	2
2	4
2	3
1,8	10	19
0,4	24	12	9,2
0	1
0	1	2
0,1	14	20
2,22	3
0	3	
1,6	4
13	19	22
1	9
7,1	13,0	13
2,0	2
0,1	1
1	2
2	3
2	3
2,0
1	1	14
1	12
3	5	26
3	6
10	2
1	2
1	3
1,0	1
4	6
1	2,5
3	13
8,1	3
4	11
1	8,0
1	2	9
1	2	2
1	17,2	2
2
2	8
0,1	3,1	17,3
1,6	7
13	14	4
0	30,10
0	2
1,4	5,2
4	9,5
4	9
2	1,0
1	1	2
1	14	10
24,2	9
2	1,4
2	3	2
1	2	5	24
4,1	9	12
1	2
2	10
2	5
10	2,1
24	16	28,0
1	3
4,1	4,5	4
3,4	1
1	4	5
2	3	4
0,12	14,3	8
0	2
1,3	3,13
1,4	13
2	3
1	2	19
1	2
0	14
2,1	11
1	5,69	9
6	3,6
1	2
3	5,11
1	9
4	23	28
5	0
1,0	3,2
2	7
1	3
5	5	4
4		2
0	28
0	14
1,0	0	13
5	3	9
0,16	9
6	2	1
0	2
1	2
1	2
1,4	2	8
1	2
	0	3	4
4	7,1
0	2,1
1	13	19
1	2
1	2
1,0	20,5	13
6,22	2
4	10,24
1	2
		19	2	2,18
1	1
2	6
4	5
9,8
2	3	1,4
1,2	1,4
1	1
1	5
1	2
5	1	2
6	16	16
10	2
3	3	5
0	2	3
1,0	2
1	13,1
3	4	2
2,1	14,0
1	2
13,6	14
1	1	2		11
2	3,4
1	2	4
1	6	2	4
12	0	2
0,3	1	8
3	2
4	
		
3	20	25
1	0,2	
1		1	2	5
4,6	7
3	4
1	2
2,9			27
2,10	2,0	0,15
	1	1	4
0	2
2,1
5	8	10,15
0	2,3	3
1	10
5	11	5
1	2
15,5
3	9	4,21
1	2	10
25,4	7	4
4,3	
1,0
1	13
1	3	3	3
0	1	8
1,0	2	15
2	26,0
2,20	22,16
1	8,2
1,5	20
4	2
0	26		3
0	5	10
9	7	1
1	19	7
1	1	12
6	13	5,6	15
4,3	6,4	
1	2	2,1
1	2
1	2
0,1	1,8	12
4,1	7
1	3
1	1,2
2	2
1	5	6
2	3
1	2
0,2	4
4,5	6
1	9	3
1	3	11
2	4
1,10	5
1	2
1	2	4
0	1
1	2	3
4	5			7
5,4	24
1	1	2	2
5	13	3
1	2
6	1	2,0
4	8
0	2
0	6,8
2	2,7	15
5	12
3	8
1	8
15	19
1	2	4
2,29	5
0	2
1	4
1	2
5	12	
1	2
2	2,7	2,10
1,8	1,2	16
10	4	2
2	4
1	3	5
1	4,3	5
1	2	2
0,1	6,21
1,2	6,7
1	2
1	11,2
9	4	17
1	6,1
1,8	2,8	
1,2	1	0,3
2	24	14
2	3	1
1	2	4
1	7,0
1	0,4
1	4	5
3	10	10
1	3
1,7	9
12,15		4
28,1			4,24
14,1	14,1	14,1
3	7
1	18
1	3
11	7,19
1		2
1		29
2	13,0	14,3
6	15
1	3
1	5
1	2
2	6	3
1	2
9	12
2	3
5,1
2	12
1,0	0	5
1	2
0,1			1	2
0,1	22	5
3,4
1	2	1
1	19	5
4	8	12,11
4	8
1	3,2
6	8,9				15
2	2	3	3
1		3	15
3	2	11
5	5
2	2
1	3,15
4	2
1	2	5,3
29	10
1	2	4
1	2
1	2
2	3
1	2
4	43
0,1	1,0	3
4	2	7
2	5	1
1	3	13,10
2	3	5
1,3	8
1	2
4,1	12	8
5,3	1,18	4
1	3
14	15
5	3	6
1	2	1
0	3	11
0	2
1	2
2,14	3
3,4	7
1	2
2	3
2
8	1,0
1	2
5	7
1	36
1	6,2
5	7
9,25	5
2	3,4	5
1	2
1,0	2
1	3,1
2	8	2,8
13	
0	2	8
4	2	9
5	2
0,1	2	1
3	4,0	24
3,5
2	6	0
1
1	2
1	2	3
1,0	2
3	2,1
6	2	9,3
0,4	2,4	9
2,1
2,4	2,10
3	8
0,1	10	10,1
7,12	5	2
1	3
1	0	4
4	5	4,11	15
4,2	11,9
7	2	5
0	2	3,0
4	2	2,3
2	3	4
0	2
2	14	24
10	3	7
6,1	5,6	18,24
2,6	2	15
2	7
10	3	5
1	5	2
4,1	2	20,15
1
1	2
3	2
1	2
1	6
1,6	5	11
1	2	2	2
1	3
1	2
20	6	7,20
2	3	4
1	5
1	2
1	2	17
1	3
1	2
10	
4	7	7
4,0	7
1	2
4	9,8
1	2	15
2,1	10,22
1	6
1,0	1,7	17
9,0	3
1,3	7
0,1	7,1
3,0	4
0,1	4
0,22	15,1	13
1	2
3	2
1	2
1	9
1	2
1	2
1	1,5	0,2
2		14	14
4	1	1
6	7	18
1	2	4
0	4,1
8	5
2	0
1,11	3,6	11
1	2
7		20,31
0	1	2
0	7
3,5	2
1	2
1	3
1	3
4,3	10
1	2
1	3
1	2	3
1	9	3
0,13	13
1,0	4
2	3
0	2	7	8
1	2	6
2	5	8,16
23	2	6
0,1	1,5
3	2
14	3	14
6	7
1	3
0,3	11
2	8,2
2	10
1	2
1	1
7	13	7,12
1	2
18,5	18,10
5	6
2,9	10
1,29	1,7	5,33
1	14	22
1	2
1,9	12,5
18,19	2,0	18
21	16,21	25
2	7	22
2	3
6	6,0
3
1	2
2	3
1,16	2
2,4
1	6
17	3,2	5
5	6	7
1	2	8
0		2
1	8
1	2
1	2
1	2	10
4	1	2
1	2
1	2
2	3
1	2
15	6	4
20,1	0	8
1	11
1,8	2,16	10,18
1	2
15	2
5	7	8	11
7,0	2,5
2	4,9	9
1,14	
7	8
0	1
7	26	8,2
0	1
1	2
1,2	3
1	4,11	5
5	2
2	3	12
1	2
7,0	1	2
1	2	19
8,0	8,7	7,24
6,0	1,0	2
1	2
8,6	4	5
0	0	2
4,1	0,18	2
1	1	11
1	2
5,1	5,6	5
15	0,1	0,1
2,1	3
12,0	11	21
0,9	0,9
5	2	2,1
4	8	9
1		12
2	1	1
19	9
1	1
1	1	2
20	1,8
2	3
1	3
1	6	1
1	2
0	0	11
12,2	3	8
10,17	4	5
1	2	5
1	3	0
1	4
10,1	2,10	10
1	2	3
9,0	1,3	3,14
1	1,2	7
1	2
1,28	24,23
7	6
1	3
1	2
1	6
0,5	34,27
2	3
1		5
	8	1
1	8
5	15
2	3	4
1,0	6,3
0	18
2	4	1
3	2	5
1	2
12,2	4,0	2
5,6	0	14,18	14
1	2	11
67	23
7	5
0	5	29
1,13	1,17	20
10,0	4
1	5
5	1,18	19
4	0	11,0
3	4,5
4	2	2
2	3	4
3	5	7
1,14	3,17	21
0	1
2,4	5	6
1	1	2	3
0	6	3
10	5
2	7
1	2
0	1,27	2		2		
2	3	
22	5,2
1,15	13,1	1
0	2
1	3
1	0,8	4
			5	9
1
8	1	17
1	1
5,6
0	3
5	8
2	6	8
0	1	2
3	13,9	21
1	2
16	10	20
1	5
4	2,6	14
1	2
	2,5
1
2	3
0	1	2	7
13,5	15,7	2,10
0,5	2
5,4
0	3,5	5
1	2
1	5,6	6,2
2,1	0,9
15,16	1	5,6
0	12,9
1,0	19
1	3
2	7,2	7,13
2,0	2
1	2	5
7,0	21,14
0	6	7
2	3
1	6	11
38	9	6
0,2	3	16
0	2,3
5,2	6	
1	3,9
13,0	2	9
1	12	4
1	3
4	4	11
1	2,10	8
1	2	3
2	5
1	2	8,9
1	6
1,6	6
3,9	10,9	24
5	2	8
1
21,1	17,0
2	15,1
4,1	7
12	6	24
0,1	3,2	18,2
1	3
16	4
4	15	
32,1	28,0
0	1	3
1	2,26
2	5
1,4	18
1	2
1	1	2
1	4
3
1	2	4
1	2
1,4	9,2
1,7	0
1	2
1	0	0	0
1	1
1	2
2,19	3
1,2	26	19
0,21	4,0
0,8	5
1,5	13
2	0	1,0
2	3
2	12	4
2	5
19,1		22,12
1,18	2,12
1	2
16	4
0	1	1	2
3,2	
23,33	44,19
5,36	3
2	1
	1	2	14
15	4
2	3
2	3
0	3	3
0	2	1,2
5	2,5	43,59
5	6	8
	4	2	3
2,4	2,17
4	5
5	0	15
1,16	1,9	2,8
3	4	6
4	2
1	2
1	2	
7	14	13
7,0	2	0,26
1,8	0	8
4	11
2,9	1
0,1	11
5	3
2,9	2,6	6
2	11,1
12	6
1	2
4,3	3	31
1	19,16
1	2
1	2
3,2	13	13
0	5
1	2	8
1	1
1	13	13
0	6	10
1	6	7
18,11	1	8
1	2
6	2,0
7	16
1	2
4,8	12,14
1,12	5
1	2	9
2,0	0	18
1,20	9,8
5,7	1
1,0	1	
1	2
0	3	4
0	3
1	2	3
1	3
		36
0	1
3	3
2	11	7
0	2
0	1
0,1	2,18	2
3	11
6,5
2	1,3
	2	2,1
19	5	1
2	11
3	3	3
1,4	2,7
2	2,0
9	2	3
4	4	1
1	2
0	6	6
1	2
2	3	6,4
14,4	8
	15	19
15,10	10	5
1	2	3
0	1
1	3
1	2	3
4,15	3	6,15
6,3	8
9	8
14	27,0	4	29
1	2,6	7
1	2
4,1		11	14
1	2
4,5
1,8	0
0	1	3
0	1
2,8	7,1	10,28
2,1	1	6
4	1	2
1	2	9,0
1	2
8	9,3	7
1	1	2
0	3	10
1	2
5	7,6
0	2	4
0	3,1	13
10,12
0,1	5		
1,21	1,2	8
0,6	1	5
1,0	1	3
1	2
6	11,10
6	13	13
1	7,14
3	1
1	2
1	1	10
2	4
1	4
16,3	4
3	2
1	5	7
1	3
1	2
3	2,11	3
1	2
4,0	6	6
1,7	3
1,0	21,3
1	2	6
1	7
1	3
0	26	0
1	10	10
3	1
1	2	3
4	5
0	2	15
0		0	1	2
9	2
2	5,6
5	7,3
1	2
0	9	16
8	7
8,3	5	8
17,3	16,4				
1	2
5	6
2	13
0	1	5
40	1,45	5,22	0
1,10	1	2
2,4	5,16
2,10	14	2,16
4	10,2
1	2
2,1	5
0,1	1
0	1,13
5	8	12,7
0	1
14	1	2
9,19	10,2
1	2	3
3	3
0,63	0
1	5
1	2
6	6	4,3
1	2	3
1	0
3	4	20
1	5,3	6
3,0	2	2
1	12,11	14
2,0	3
1	2	7
1,4	7,3
4	5,0	9
3	2	3
4	4	0
34	6	17,11
1,16	2,0	3
1	2	13
1		1		2
1	2
1	12,11	12
8,0	2	10
1	6
8	3
2	19,2	2
0	1	2
1	2	5,8
8	3	7
1	2
1	2
1	2
4	1
1	2
4	2,13	5
1	7	20,18
1	1	2
3,4	6
	5	2	8
1	2	5,6
5	8
0	2	3
1	2,6	3
1,11	2,6
1	1			6
1	2	14
1,0	2
9	1
2	2	3,8
0,27	7	8
3,8	1	8,1
1	2
7	3	3
2,4	18
2	3
2	3
2	4	4
1	2
1	2	6
2	3
8,12	11	5,8
2	1
12,16	2,14
1	2
0		5,6
3	4,5
3	3	4
1	11,24	3
3,15	20,8
4	5
4	2	8
8	5,0	13
1,20	3
0,8	2,1
	4	9,20
1	7,6
12,13	2,4
1	1	2
6	7	11
3	5,13
2	4
1,8	1
0	0	9
2	11	4
1	2	1
3,0	2	3
1,7	7,10
1	2
2
7	2,0
19	1	5
47,48	19,17
10	1
0,1	9	
1	1	6
14,16	28	18,26
3	7,0
1	2
1,2	8
1	2
5	6,5
0	0,2	6,8	
0	4
2	3
4	7	9
1,0	2
1	2
1	11
2,3	4,2
3	1	2,10
2,13	21	1,22
1	2
0	20,0	8
1,4	2
1	12	5
0
1	1	14
6	3
1	2
1,3	13,17	2
0,1	2	0
1	2	9
1	2
0,4	11	2
2,0	3
5,4		0,23
0	1
1,0	0
0	1	7
2	2
10,1	11
2	4
2,0	5	14,5
1	2	5
0	1	2
1	3
2	4
13,5	10,3
1
10	11,12
1	2
1	1	2
1	12	20
5,10	11	16
1,19	2
4	6
1	5	3
2,9
1,12	9,3	1,9
5	12
1	2
2	13
8	6
4	2	3
1	8
0	2	9
1	2	6
1	5
13,11	7,14
7	2
0	3		6	8
4	2
0,1	2	0
13,30	18,13		
2,1	7
1,4	4,7	1
2	7,0
2	3	
1	3	5
0	2
8,9	10,11	20
2,5
9	10
1	2	3
2,1	3
0	2
14	2	11
1	2
1	2
0	1	3
3	1
0	3
2,0	3,15
1,9	3
1
1	3,14
1	2
1	2	5
1	2
4	4
1	2
3,14	14,25
0	10,14
6,42	9
13,0	1
1,0	2
5	4
0,16	5
1	2	3
0	2	13,2
1	3
1	2
0,1	16,0	16
0,1	1	23
4	1,11	
0,16	2	9
1	2
7	4	1
1,0	3	4
21	2
0	7,0	1
1	1	2
6	3	28
4,5
1,4	2
2	7	8
	1	2	3	
1	2	3
1	2
1	15	10
1		3
1	0
1		3	
1	2,6	6
2,1	18	2
6	5	6
0	1
10,1	4
16,39			4,0
1,4	2
1	1	2
0,1	7	0	14
2,0	1
2,12	9,8
4	6	7,8
2	5,4
3	4
2	2	0,3
1	2
1	2
0,3	8,18	16	17
1	8,0
1	2
4	18	5
1	2
1	2
1	2
1	4,10	14,3
18		0,4
3,1	4	5,9
2	3
1	6
1	2
7	2	2
2	3
3,8	9
3,16	4
3	3,4
4,16	7,11
3	7	10
0	1	2
10,6	6,26
1	2
1	11
0,8	12	5	12,7
3	2,21		3
13,3	3
1	2
7,5
1	2
1	24
13,0	2,3
2,3	3	3
1	2
1	2
0	1
2	7
8,1	9,12
1
2,11	4
1	2	3
45,0	11	3
1	3
2	7	4
4,1	6	2
2	3
3	4
1	2
0	1
1	2
2	7
1	2
1	2
0,1	3	1	11
1,0	0	19
1,4	2
1		2
3	5
1,34	
2	3
0	9
1,10	3,0	4
4,1	32,9
	5	18	7
2	3	3
0	8
1	
1	2
1	4
15		4
14,10	4
1	2
7	10
1	3
4	1	13
4	4
5	5,19	5,12
2	12,7
1	3	6,2
4,5	12,5
1	2	4	15
4	12
1
2	6	12
2,6
0,11	2	1
4	5
3	4		1
1	4
11,2	2
1	6
1,0	2
1	2
2	6
2
3,4	5
0	1
1	2,1
0	1
1,8	18,23
1	7	7
12	2	3,13
1	2,13
4	5	13
1	2	2
0	4,7	
1		1	2
5,0
5,6	9
0	5	2
5	6,5	
18	17
1	2
0	2	5
4	6
0,2	1	2
1	2
2,5	4	10,3
2,6	19,53	19
2	3
1	2
1	3
0	11
1,13	2	3	
3	5
3
4	5
1	2
1	7	8
2	6,7
1,13	1	12
16,0	4
2	7
4,3	7
1	2
4,3	7
2	11	9
1	2	2,12
1	3	4
12,6	1,3
1	2
2,7	6
0	5
5	5
13	6,7
8,2	14
1	8	1
1	1	3,0
15	1	2
3	4	4	5	5
0	1
1,0	14
1	1	2
1	2
1	2
1	1
1	2
2	4
4	4
2	2,0	3
5,2	3
8	22	
1	2	6
1	2	3
11	2,9	5
4	5	11
1,0	3
	46
14,21	15	4
2,21	10
1	2	9
1,46	2
1	2
1	12	1
1	3
1	9
1	2
5,6
3	1	2
0	1	3,2
1,0	21
8	8	
1	2
1	1	2
1,3	8
	1	3
2	3	3
1	2	3
7	8
2	3,2
4,15	5,24	2
2,10	8
2	14
0	1	2
9,4	9
3	2
5	1,0	5
1,2	1
1	2
1	2
0,22	3
1	2
18,2	17
0	0,11
4	2	5
2	2	2
0	1	2
2	2	14
1	2
0	2	3
3,2
11,0	8
6	9,7	0
8	6
1,16	2
2
4	9	10
5	10
1	2
1	11	0,11
5	3
	3,6	2	11,2
2	3	3
13,1	1,2
0	4
1	2
3	8
5	6,4	11,19
3,4	5
1	12
0	3
1	5	2
4	8
2	1
3,1	14,2	15,14
1	2
1		2
1	2
4	9
0	1	18
1	3
1	2
0,13	1,5
1,4	1,20
3,1	4
0	16
4	14
1	5
1,9	2
3	2
3	3	9
	2	7
2	4
1	2
1,2	13,21	8
2	9
2	3	5
1,4	6
1	2
0	4	3
0,2	14,2
1	2	12
4	5	8
2	3
1	2	3
2	1,25	25
1	2
1	5
2	7
2	4
2,1	3,5	3
7	5
2	2
1,0	5
2	3,16
3,2	7	5
0	3
19,17	0	1	1	2
1	2	4
13	12
6	1	2,1
0	2	3
3,1	11	11
3,1	7,13
1,0	10	2,12
1	2	7
0,2	2,11	6
1,12	4,0	4	6
1	2
0	1	2
0,1	8,9
2,1	2
3	2	3,13
0	1
9,1	9	15	9
4,5		10
19	2	0,21
1	2
2	4
3	1
1	2
1	2
2,6
1,6	7
4	6
1	2
1	1,11	12
14	16,19
1	3
2	19,3
0	2
1	3	9
23,1	1,21
1	2	20,19
1	2
14	6
1	2	8
4	1	30
2,1	3
14,4	2,5	7
1	2,0
1	2
1	2	3
1,0	0
2	8,7
3	4
1	4	4
1,0	8
1,3	3
2	2
3	2	4
0	2	14,16
4	8
1	1	2
4	
1	2
6,7	10
3,1	13,3
1	2	3
0	2,1
11	5,15
1	2
12	17	
2	7,0
2	3	4
0	1	3
1	6,29
		
25	11,0
4	7
8,0	26	0
1	2
1	3,10
0	3
2	3
2	3	5
0	1	2
1	3,0	3,0
2	1,4	4
3	10
1		2
2
4,6	1	9,16	16
1	2	4
6,1	6
0	2
1	4	16
1	2	17
1	1	2	1
2	16	2	24,2
0	2
1,14	1,4
1	5	9
1	4	3
5	5,1	13
6,5	7
1,0	0,28	1,7
1	2	7
2	5	10
3	4
1	4
16	7	9	
		39
4,8	17,15
1	9,0	9
	47
5,25	0	4
2	4
7	3
3	5
0	4
23,2	15
0,1	3
2	1	19
1	2
0,2	13,12
7,1
1	2	39
4	2	6
1,8
1	2	2
6,5	1,12	10,6
3	5
6
3,2	3,2	3
1	2
1,11	12,0	6,19
0	10
2,15	10,18
1	2	15,5
2	3	0
1,13	15
2
1	2	3
1
5	12
4,0	5,6
1	2
1	2	3
1	2
1	1
4,3	3,27	16
6,0	1,9
23,9	14
2	4
0	3,12
4,23	6
1	4
1	2
1	1,2	1
0	1	7
35,3	9,10	23,24
3,4	22,14
0	5,3
1,3
1	2
0	2
0	2
4	5
16	8
1	5	5
0	9
1,8	14,2
1,4	1
0	1
	2,18	0
1	2
2	2,3	2,3
3	2	
4	6	16
3,11	18
2	4,2
1	2	5
1,0	2	3
1	28
1	2
0		1	1
0
1
1	2	3
2	3	3
1	0	3
1,0	1
6	6
1		2	4
5	9
1	2
1,4	2	
13	12	2,1
2,0	1	0
2,7	16,9	3
1	0,2
1	2	24
1	2
21	15,1	2
1	7	15
1	2	13
3,1	1	5
2	6	3
1	3
5	8
1			1
5,9	3
1	15
1,33	0,14	9,15
7,5
0	1	2
4	5
17	17		3
28	3,12	5
1	2
6
0	7	7,6
6,5	12
4,1	16
2	3
2	4,1	2
1	12
0			8	1
1
1	7
1	6
1	2
3	3
		
4	2	5
1	2
2	8,2	11
1	2
0	15,10
3	4,16
3	4
1	2
5,1	39
16,1	1
0,1	2	5
1	2
	1	4
1
4	2	3
2	4
5	4	4
14	14		
0	2	8
1	3
5	1
11	7,6	21
1	2
1	1,0	5
1	2
2	2	12
14	18,9
1	11
2,1	9	16,2
24	1,14	4,15
25	5
7	7
1	2
1	14
1,0	1
1	8
1	2
1	1	1,9	11,15
3	19	9
1,50	1,50
0	2	22,2
0	2
1	2
5,11	12	6	15
15	12	13
1	2	5,1
1	18	
1	2
1	2,5
4,1	7,14	2
1	1
1,0	27,1
1	1	3
4,3	5
1	2
3,10	13,10
3	5
2	3
1,10	11
0	1	9
3,19	6
15,0	3,2
3,0	2,4	3
	0	1		3	
1	12
0	1	1,2
0,15	8	16
2,9	27	2
2,3
10,3
3	2
2,20	5,2	11
4,5	17	1
2	4
1	1,7	9,18
1	8,16
3	4	9
1	2
5	4
1	12
1			2
1,22	2	2
1	2,5
1	2
1	6
1	9
2	5
2	4	5
1	19	20,5
1	2
2,1	3	3
0,15	2
1	2	6
3	4,2
13,8	7	16
0,1	3	4
1	1
18	9
1	1	5
2
3,1	22
2	3	14
2,28	6
0	3
0,4	21,5	8
1	2
3
1	2
1	1	2
1,3	2
10	6
1,0	2
0	1	1
1
1	3
7,18	1
12,3	9
4,3
2	1
5		6,7
0	6
22,0	20	5,19
1	2
1	2
4,0	7
	2,0	2
6	7	19
9,6	7
0	1	2
2	11
0	8	12	13
9	3	4
1	2
3	2
1,2	8,2
1		2	3
1		1	4
4	3	0
0		
10	7
5	5	9
	4	0,7
1	3	6
6	1
1	6	6
4	10	1
2	10
4	6,21	18
2	21,8	21
1	2	2	5
2	3
20,11		11	
1	2
30	24,5	26
1	4,2
1,3	
2	16,12
2,1	10	6,32
1	2	7
0,1	12,0	15
0,36	2
3	20
0	1	2,6
5	6,3
1		1
1	2
1,5	1	1,5
2	5
1	2
2	9,8	8,1
1	2,17
1	2
2,0	21,3
1	4	2
5	3,2
13	2	19,2
7,6	8
1	2
9,1	8	16
3	12	
2	2,3
5	4,0	3,0
2	5	6
0	1
15,0	3
7	4
6	7
22,11	3	5
5,27	3
1	2
1	7
0,3	15	6
1	2
2	2
1	1	0
0	2
0	1
1	2
2,9	31,0	8	31
0,1	10,0
	1	10,1	1
1,0	2
2,7	13
8	8	3,1
5	3
1	3
8	5
1	3
1	7	2,13
3,2	0	2
2,25	2,20
1	0,12	0	5
3	16,10	16
1	2
2	12,0
1	2
1	5,4
0,2	8
3	6
7,4	1	2
11	3
1	2
1	27
1	2
1,2	9,1	2
18	5	8
7	1
3	6
1	14	14
0	9	23	25
4,5	2
0	0
1	2
2	9,7
1	2
1,0	2
1	0	0
0,9	10,0
0	0	15,4	9
1	2	7
1,3	9
15,4	2,6
2	1,44
1	2
1	2
	1	2
4,2	14
1	6
26	16,1	10
2	5	9
5	1	2
	
2	4	23
6	4
0		1	2
0	8
23	16,4	15
0,1	6
1
2	5,4
0	1		7
1	13,2	5
2,6	5
1	2
1	1	5
5,13	2	
1	2
0	2	7,8
1	4,5
7	4	4
4,6	1,2
11	4
1	2	6,16
4		0,8
4	2	14
3	5
1	8	3
1
9	5	2
1	2	3
1	2
1	2,3
4	2
1	3
0,1	1,14	11
4	3
11,8	8
2	13
0	2,51
1	0	0
1	6
1	2
2	3
2	6	6	0
1	2	3
5,6	10
13	3	13
21,1	6,21	16
8	11	18
0	2
1	5
1	2
4,5	2
0	1	2
1	2
1	5
0,1	1
8	8
1	3
				42	20,2	12
4,5	5,11	2,27
2	3
1	2	3
1	12	11,6
0,5	1	4
6,3	4
1	4,10	8
48	29
4	4,16	11,1
5	2	4,19
1	3
7,2	6,5	23
1	21	2,1
1	2
5	5,12
2	3
1,6
3	6,9	1
3
0,1	7,2
1	2
5	2	3
3,2		4
6,65	5
3,6	10,11
0	2
1	2,8	11
1	2
1	2
4	8,17	3
2
1	2
2	4,8
1		4	1
86,2	73
4	1
	2	3
3	4,2
24	22	
1	2
	0	38	9
8,2	0,3	8
1,0	2,4
2	0	5
2	22	3
8	3	6	13
15,3	7,5	3,5	
1	5	14,1
1	2
1	2	4
1	10,14
0	1	7
2	2,3
20	11
1	2	3	7,8
10	11
1	2
0	2
1,2
1,41	5
1	2	3
1	2
8	4	29
13,0	10,25
3	0,1	2
2	13
1	11,10
1,2	1,26
1	2
0,10	5
0	0	1
24,28	6
2	4
1	2	3
0	1	3
1		2
2	4
4,2	7
3,4	4,3
4,1
5,2	12
0	1	1,16
0,3	1,0	16
1	2
1	3	24,0
0	6	6
3	9
2,4	6	
1	2	3
2,10	10,1	7
2	2,3
1,0	2,1
1	2
1	1	2
3	4
1	7,11	4
2	9
6	1
1,11	1,0	23
6	2,6	2
25,13	7,12	4,8
1	2	3
1	2	3
2	3
	4		2	2
5,1	8
0	2,4
2,1	2
0,4	6
					12
2,11	5
12	6
	20	
5	5	15
1,31	7	8
4,2	4	12
1	4	2
0	2,5
1	5
4,1	12,3
2,1	2	9
1	1
13	2	13
15	17	9
1	2
1	7,6
			1	2	1,4	8
1,0	2
3,4
0	1	3
3,4	1	12
1,12	2,1	1
1	2
11	11	1
1	0
2,4
4	7
2,21	5
5	7,6
5	2
1	
3	6
1	2
3	8	14
0	2	3
3	0	13
5,2
3	5
		11,0	14	14,1
	5	4	5
1,0	3,15
2	6
1,5	5
1	2
1	8
3	10,0
5	5,13
0	30,0	18
1	2	7
2	9
3	4	5
1	2
1	2	4
0	7
1	2
3		8
1	2
1	2
1,5	1	1
2,4
4	3
4	8
1	2
	34	
8	10
0	14
4	7	2
1	2
0,10	26	10,2			18
1,0	2
2,36	20	4
7	9
1	2
4,0	43	0
1	2
1	19	
1	2	5
1	7
3	3	9	
0,1	7,51	6
1,2	13,11
2,4	9
1
2	4,8
1,2	6,13
17	3	8,0
1	14
1	2
4,5	10,9
2	4
0	1	4
1	2
9,77	10
0,1	2	5
0	3	4
1	2,6
0,12	0
0	0,1	8
3	2	2
1	1	
5,1	16
2	3	4,1
12	11	11
2	1
3	4	5
3	3		24
2,0	18
6	12,22
6,0	4,15	
4,1	1,0
0	1
1	2
0	1
1	1	16
5	0,1
1	1
2
1,4
5,1	12
1	2
10,1	16	10,0
0,21	6
1	19	13,3
2	3,5
2	3
0	3
3,4	5
1,7	10	21
0	2
21,0	9	
1,3	6,1
2	
2	3
1	2	4
1	29
11,3	14
1	0	9	10
1	2
0	0
5	7	6
10	7,2	45
3,6	5
13	2
4	2
1	2
2	3
0	1
2	8
0	1	2
1	2	3
2	3	4
2	1
9	21
4	3
1	3
5,0	5
1	3	5
1	2
0	0	1
2	6	6
0	2
5,4	5
3,2	12
1,19	2
0	1,6	1
3	1	2,8
1	2
0,12	1,0	21,0
14,2	13	11
1	2,1	1
6	5	0
0	12	30
1	1
14,0	16
35	29	35
1	1	1	5
0	3
8	1	0
8	2	9
42	19	26,19	1
	28	
4	10,2	6,41
1	2,13
1,17	2
3,0	13,0	
0	0	
0	2	6
4	10,9
12	9,22	24,33
1	2	3
21	0,17	43,23
1	16	2,4
3	1,3
1	2	10,0
4,20	6,15	12,26	6
1,0	1	1
0,3	6	11
1	2
17,13		17
0	2,3	4
1	2
0	1	2
3	2
14,0	1
31	15,3	
2,5	1	0
13,23			29
10,0	1,19
0,24	3	3
2,8	3
2	7
2,0	9,11
2	2
4,5	6
1	3,27	29
1	3
25	4
2	3,0
1	2
1	11	3
4	5	2
1	8
1	9,2
3	5,4
15,0	2
3	0
12	2
1	11
8	2,0
17,0	2	5,11
1	9,7
1	2
3,8	19,18
2	2
10	11
2	3
2,7		25	20
4	0,10
0	2	2
7	6,20
3	6
4	0	0
16,13	16,2
1	2
29	1,16	12,1
1	3,4
7,8	1	2
6	2	4,1
2	10
1	2	2
4	5
5	5	6	8
4		4
26	26
1	2	30
1	12
8	7
1,2	0
1	3,2
2	2	1
1	2
3
1	2
0	2	14
5,4	9
1	1
1,0	0	1
1	2
0	7	6
0	2
2	4
1	2
1	3
2	7
10	2
5	1,6
6,10	11
10	5	6
6	6
10	2
1	8
2	5,4	1
15,0	12	5
1	11,9
1,12	2
0	1
2	3
2,4	9
1	2	14,2
3	13	13
6,4	13,25
17	17	2	
2	4
2,6	1,6	8
3	3	10
1	10,3
1	2
1	2
1	2
1		5,6
6	7
3,4	5
0	3
2	3
0	6,9	12
1	2
5	7,6	5,6
2	3	3	4
2,0	22
25,0	3
2	3	4
6,1	2
3	23	10
3	3
1,0
2	6
4	2	6
1	1	2
1	2
2	3	9
2	3	4
3,1	6,7
5	47,48	4
2,1	6,7
27,11	14
1,6	0
4,3	5	10
5,3	6
1	2	3
1,0	1
22,0	7	6,21
1	3,7
2,0	3,0
0	2
0,11	3,4
4,5	6
1	2	3
1	2	16,9
1	4
1	0
2	3
1	6
1	13,1	6,18
1,0	0	3
0,1	25
0,3	2,1	5
3,9	2	0
4	18	5	0
1	19
1	1
1	2
2,4
0	2
1	2	3
1		1	1	7
2,0	2,24
	
1	26
4,1	6,5
17	1
1	2
0	9
5	3
1
1	2	7
0	1	2
1,0	0	2,9
1	2
3		11
13	2
8,0	25,0	1
0	1	2
0		2	3
4,14	15
4,2	4	2	2
	6
1	9
2	6	3
1	3	4
0,2	3
1	3
0,1	6
10	2	3
1	2
8,23	16			
1		9
4	8
1	2
0	5	7
4,2	10
2	3
3,1	10,15
16,1	1,4	16
6	9
2
2	7
4,11	2
1	2
4,1	4,10
1	11,33
7	8
4	2
1,0	1	1	2
4	9
7	10,12	8,6
1	2	2	2	2	2,30
1	3	20
2,4	4
1	2	3
1
7	3
0,2	2,3	17
0	3	12
1	1	2
1	7	8	
1	22
0,1	15,11
1	1,2
5	3
2	4
1	2
3	2
1,2	2	13
1	1
2	7,8	9
1,0	1
0	2	7
1	7	7	1
0,1	2
2	7
1,19	7,0
3	2
1	2
2,1	1	0,9
0	0,1	4
10	4	1
23,1	10	3
3	4,3
12,1	4,1	2
11,17	1	4
1	8
4,1	8
0	4
2	2,0
	31	0
4,0	2	6
3	4,3
6,12	17,11
0,2	1,2	15
4,6	12,25	24
2,28	3,13
16	2	
0	15	6
1	1	2
1	1	1	2
1,5	0,7	1,4
	
6
2	3	5
1	3
2	6
1	2
16	4
0	6
3	2
4,2	9
2,1	2	9
1	13	3,4
3	4	13
1	2
1	2
8,2	9,1
2,10	0	17
1	2	3
2	2	4
4	10
1	2
1	2
5	5,22
2	9,2
1,5	2
3,1	1	20
0	4
1	2
1	2
1	2	4
2	43	18,33	2
10	8	4,19
4	11	2
9,0	7	27,13
4	2
4,5	2	9
0,11	12	23,13
1	1
4	2
16,64	17	18
3	4,6
1	2
0,1	3	20
2	3
0,6	20	1,19
	6	4
13	5
1	2	5
0,1
10	2,6	10	2
1	2,24	
2	3
1	2
1,2
1	7	2
10	6	2
4	10	20
2,0	1,2
1	9,2
1	2	8
3	4
4	5	23
3	4	15
4,5	6	22
1	1	12
1	2	2
1	3
15	0	17
5	8	9
1	1,9
1	6,2
5,0	5
1	15
16	2	1
1	2
0		7
1	2	9
9	2
1	2	3
1,5	7	2,3
1	2
1	2	3
2	3,4	4
4	1	0,2
4,11	4,11	7
1	2
3,13	5,10
1	2
1	2,7	14
2	
14,0	2
6	11,28	21
4,13	2
2	3
1		19
0,8	3	4,12
1	2
2	5
1	3
12	4,6	6
14,1	11,7	2,8
1,0	1
1	2	3
0
0,1	15
0,3	2,6
1	13,2
1	1,14	2
1	2
10,5	7
2	4	21	
1,0	0,3
1	3
1	2
3,7	9
1	1	8	8
1	2
1	2	5
11	0	9,25
10	2	4
1,2	
2	3
1,7	1,4
1	2	8,10
2,3	2
1,0	2	9
4,5	2	7
0	1	3
5	7
7	17,8
2	2
1	8,2	8	10
1,0	15	1,20
21	6
5	7,0	14
1,22	4	9	4
1	2
3,0	30,5	30
1	8,14	
0	1
2,0	3
2,0	2,9
0	3
2	10,0	10
22	2	5	0
1		2
0,14	16,2
1	2
2	35,9
2	12,3
4	2
4,0						2
1	5,3
2	3
2	10
5,4	10
3	3
0	5,4	4
1	0,11	12
1,5	2
12,13	14,6
3	4
4,5	8,0	3
2	3
2,3	1,18
0	3,11	4
3	16	5	10,6
0,1	12,9
2	6	25
0,1	2,7	11
1	2,8
9	9	12,15	4,9
1	2
38	41,22	22
1	1
1	2
0		0,2
1,10	9	8
0	17,24	1
13	4	0
1	3
2	19,0
2	3	4
15	5,7
0,4	1	2
3	2
0	3
3	6	6,15
1	10
1			4,12	4,7
0	1,2	6
2	6
0	1	2
5	5	4
1	0	4
4	5,13	4
1,7	2
1	2
0	2,3	1,19
1	2
0,1	22
5	2
1	8	9	
1	2
6	2,4
2	3	3,4
0	5	7
2	5
4	6
3,5	12
1	1	2
2	3
0	33	6
	10	2	11	
5	3	13,5
5	6
1,15	4
2	1
1	1	5
2,1	7
1,3	2
1,4	2	5
1	16	5,1
0,1	0	6
1	1	2
8	16
8	12,2
1,0	2,1	6
5,4	6
2	7,8
1	3
1,8	4		
4	1
1,0	2
1,0	2	6
		
12,0	13
5,0	20
1,3
16,0	2	2,26	7
1
1	10
4,9	5	5,16
0,1	11	10
2	3
13	15	16
4	2
1	2
1	1,22	5
6	0	17
1,0		24
1	19,24	3
1	11	3,11
11	5
2	11,10
1	2	2
1	2
1,27	2
1	2
1	2
3,9	4,12
4,17	17,4	4
1	2,12
1	3
0	4	4
1	2
1	2
2,1	2	0
1	8	2
1	23,11	11
0	33
1	3,5
0	4	4
4,6	1,14	14
1,14	3
13	3
2	3
7	8	9
1	2	8
2,5	6
0	1	6
14	6	1	11
8,9		9,10
0	3
0	6
1	2
1	2
2	3	4
4,1
1,2	0
1,0	3
3	17	11	14
0	3
1,7	7
2	3	22
1,8	2
11,0	2,16
4	10
1	4	0,1
1,10	2,12	26	25
3,12	5,6
1	2
2	4
1,2	6
0	2	3
1,9	3
3	17	14,3
5	1,2
1	1	2
3	8,4
1,0	17
0	31,9	31
1	2
4,2	1,2
1,3	2,0
1	2	3
1	2	8
4	5
1	7	7
3			3
6,4	7
1,0	5
18	
0	2	3
1,0	5,6
1	4		1	14			
0	0	15
1	3	4
1	3
1	8	6
25	5	5
0,2	17
2	16
1	3	2
3	11
4	4	4,7
7,2	10,8
1	7,6
1,17	8,10
1	3
1	1	2	
3,17	19
12	2	24
0	2
6	0,3
0	2,7
2	8
1	2	3
2	3
16	11,19
0	1	3,5
4	8
1	2	2
1	2
4,2	5
1	3,4
4	1	3	9,0
4	1	6
1	3
1	1	2	2
1,0	2
1		
1	2
1	2
4	5
0,1	5
1	2
1	2,3	3
5	7
1	12,14	2
1	2
5	3	8,15
2	3
11,1	7,8
4	4	6
0	4,5	2
1	2
3	2
0	2
1	8,24	7
1,31	1,25	25,1
0	2
10,20	2,5	17
2			2
0	2,1
0	1
1	2
4	5
1	11	11,0
0	2	5
4	13,18	14,7
4	0	1
1	2
2	4
3,2	15	4
1	2,12
1	2
1	7
1	2
7,6	4
1	1
1	21	11
1	1	1,3
0	2
0,14	5,2	15
1	3
1	2
1	2	14,2
3	7	8
1	2	2	8,13
1	3,0
1	2
1	0,2
17,16	6,7
1	2
0	1	8
2	3
3,1	1,16	7
1	2	6
1		3
2,4	2
1	2
1	3	6
1,2	5	5	5
4	2	9
6	3	6
1	2
1	2
	0	1	2
2	4	4
0	2	5
2,1	6
0	1	1	2	3
3,2	5
1	1,17
1	2
2	5
1,10	2
1	7	6,12
1	2
1		5,1	6
13	3
3	2
2	1	3
0	2
1	2,3
5,4	5	2
1,12	0,21
1	2
1	3
2,12	4
1	5
2	10
1,12	1,5
0	1
10	4	
2	3
7	2
1	2
17,0		21,25
3	4,5
2	2,3	22
1	13,8
1	1	2	5
1,6	0,10
4	3	3	3	3	2
1	2	2
1	2
1	4	2,5
6		10	11
23	4
1	2
0	5	6
2	3,13	11
2	11	1
0	10	2,10
1	9
1	1	13
1	2
2	3
1	2
2	4
0,13	19
1	2	1	10,0
2	6
5	10	13	
0	4,8
1	2
10	4
1	6
6		2	3
0	11,22
1	2
2	1	
1	2
0	11	0
4,2	1
3	2,4
	
1	13
9,1	9,3
1	6,2
1	2
0	2
1	1,18	2,7
1	2
0	2
6	2	3
2	4
1	4
1	8,20	20,13
1	6
1	1	1
1	2
1	1	2
5	9
3	9,25	18
1,19	3	0
5,4	2
1	2
15	4
2,3	19,18
1		0
5	8
1	4
4	2	1,33
0	3	6
3,0	4
		1	2		
2	5	4
1	11,18
1,0	2
1	10
2	14
6,0
1	20,7
0	2
10,0	2	7
9	1
0	4	
1	2	3
1,0	8
1,2	1
5	7
1	1
2	3	4
1	1	1	2
27,1	1	2
5	7
2,4	3	
2,3	4
28	2	25
13	1,0	2,13
1	1	17
0,3	2
3	4	7
17,4	5	7
2	3
1	3
1	2
0	6	7
0	12
4	1	5
0	3
3,1	6
1	4,0
1	2
3	1	5,3
3	4
3	2	11,1
1,22
9,1		8,18
1	2
3	4
11	2
0	1
2	6
1,9	0
6	7
4	5
1	2	2
2	0
21,2	20
9	6	6
1	2	16
3	2	3
3,1	0,4
5	2
1	2
5	2	10
	4	3	4,21
0	5	1
1,0
20	11,27
	4	5
1,0	25,4
1	1	1
2	11
7	2,1
6,9	7	9
	1	2
16	2,8
13,7	9
2,1	2	17
