1	3	4	5
0	1	2
7	6
0	6	8
0	5,2
3	3
-1	0	2	9
1	3	4
2,6	12,5	-1
0	1,2
1,10	12,2	4	19,25
3	14
3	4	4
3,1	11,4
1	3	5
0	8
2,33	13,6	12
1	3	4
1	6	6	11
2	11
12,13	3,29	4
0,12	5,0	8,10
0	0
8	15
6	13,5
3,12	9
0	5
0	15	3
4,12	6	12
1	9,14	-1
0	2	3
0,3	1	7,17
2	9
1	2	5
0	5	17
17	1,2	3
0	3	4
1,18	2
12,2	1,7
0	1
0	1
3	3	3
1	2	3
6,5	8,7
2	5
0	5	13,8
3	5,3	4
-1	0	1	0,3
7,4	6	6
0	1	3
0	2	-1
1	2
6	2,22	-1
2	0,2	11
0	4	7
2	7	-1
0	2	3
1	2
1	2
1,0	6
2	7	6
0	16
4	5	9
6	1
0	1	1
4	7	-1	9	10
5	8	15
1	1	2	9
1	4	5
5,2	14
1	4	3,5
0	10,15	6,8
-1
1	3
0,4	9
1	2
1	9,0	12
1	2	9
0	5	3,5
2	-1	2
1,3	4
1	4	8
0	6	3
2	1,0	0
11	3	4
1	1	2
2	-1	5	16
3	0,15	-1	2
1	17
1,23	2,23
2,10	4	14
1,6	0	6
-1	-1	5	15
6,20	11,23
3,4	-1	0,5
7,21	8
2	-1	10	21,14
0,2	3
2	3
1	4
0	1	21	21
4,9	1	0,25
0	0
9,10	7	10
12	5,12	-1
1	10,12
11,8	7,5	12
8,9	9
2,1	15,8
2,4	7
2	5,3	12,8
3,0	26	3,24
1,30	10
7,14	5	13,11
0	15
0	8	7
5,1	1,5	5
0	15,20	28
0	1
0	1	1
1	4,1
1	0
0,1	19,21	11
5	3
0	5,6
0	2	4
0	9
2	9,2	2
1,9	5
1	5
1	0,7
6,24	11,1	14
5	11,5
0	4	12,9
2	14	2
1	13,3
1	1	2
1	1
8,13	11,13
1	6
0	4
4,15	6	11
0,15	0,15	0,15
1	2
9,7	10	18
0	4
2	3
3	6
3	4
-1	0	2	5
1,7	3	7
0,6	19
1	9,10
0,22	11	10	22
3	4	5
1	6	14,15
0	2	4
3	2
1	4
1	2	2
1,0	1	4
19	24,1
0	1,10
1	2	6
0	6	13,1
0	1
2,24	5,23
0	2
0,8	3,10	7
1	11,6	8,5
1	11,12
0	6,5	-1
0	-1	0
1	3
0	5	5,8
0	4	19
3,2	0
1	5
5	6
18,20	25	18
2	8,4	1,15
11	0	12
0	4
0	11	2
3	8
1	10
0	2	3
0	0	0
1	15	8
0	9,11
1	23
0,4	3	25,7
2	0
0	-1	-1
2	3
-1	1,12	27
4	8
2,26	3	14
7,0	3,4
0,2	0,3	2
0	2	1
-1	2	8	8
0,17	3	12,17
6,2	12,16	25,12
10	23,27	0
1,0	1
1	0	3,1
9
1	5	6
16	16,10	3
1	2	4
13	13,16
4	3,10	7
-1	2,3	6,8
0,9	-1
4,0	5,8
0	2,4
0	2,0	0,11
5	8,9	-1
9	17
0,10	2
-1	0	10,5
1	5
7,20	22
1	1	15
1,0	5,10	19,0
0	0	2,1
0	4	12
0	6,7	11
1	5
8,6	10	10
0	1
0	1	3
1	5
0,15	5,4	5
0	-1	4,1
4	5
2,33	8,15	-1	9
2	11
5	3	1
1	3	4
0	1	10
2	2	2	7	2,13
9,0	3
6	2	-1
1	2	4
5	16
0	2,1	3
0	0
0	3	2
1	2	4	5
15	1	8
0	1	2
0,14	4	6
7	6
12,6	10
12,6	2,9	-1
2	3
1	2	6
1	3,10	8
0	1	2
4	4	5
2	16
1,13	9,11	18
1,7	-1	0
15,21	11,8	25
4	16
5	5,12	2
0	6	6
1	3,8
0	13
1	2	3
7,1	2
2	6
2,13	24,30	22,11
10	16
2,0	10
1	3,8
1	8	10,0
2	5	6
0	9	-1
0	1	7
0	3,1
8	19	14,11
-1	8,21	10,8
3,0	3	3,19
0	2
1,2	1,0
1	0,2
11	6
1	4	9
3,10	1	1
1,18	16	5
-1	0	0	1
3	5
6	6,17	5
0	12	5
9	20,18	20
4	8	21
20	6,10
0	4,10
0	1	1
1	2,16	21
0	3
7	8	18
2,8	3
2	8,27
2	2	4
1	-1	1	4
0	1	2
1,5	7,1
5,1	3,16
2	3	4
4	6,16	-1
2	3	7	13
-1	5	12	8,15
-1	2	0
-1	11	20	4
3	4	6
0,4	3,1	0
20	0,1	13,2
4,3	4,2
0,7	1,4
2	6
0	1	5
0	0	15
5	1
1	1	2
2	1
0	1	2
0	1
1	1	2
1	2	2
1	2,20
-1	0	-1
1,2	10
0	1	0
8	7,21	8
0	2	10
1	2	3
2,0	1	2	3
-1	0	2,16	20
4	5	6
0,8	9	8
8,54	0,6
1	5,6
4	9,3
11	3	11
2	8,2
1,7	19,39	-1
4	14,1	11
10,5	12,11
2	2	7
1	-1	3
1	2	5
10,12	10	12
0	4	2
4	1	3
0,8	7,8	4,7
0	-1	4	15
5	7	8
16	16	1
4	4	20,4
1	2
2,0	0,2
1	2
0	1	6
2	5	5
13	12	9,1
3	3	11	8,16
1,6	4,3
0	2
19	3	3
8,0	7	33,12
6	7	8
5	8
3	0	2
18,36	11,33	16
2,8	-1	0
2	4	12
1	4	4
15,35	1,0	3
5	6	-1
1	9
0	1
5	7	11
3	7,11	10
14	-1	5,30
0	1
0	1
14	15	13
2	3,7	8
1	2	17,34
0	1
1	1	2
6	16
1	4
2,1	13	2
0	10,4	11
0	12,2	20
39	7,1	1
0	0,5	0	16
5	7
4	5
0	1	12,4
1	3	4
1	2
1,2	2
3,6	2,18
2	0,6
0	5	3	4
1	4
1	5	5,9
1,11	2	5
5	2,10	10
0	18,16	4
0	4
3	6	12
16,14	4
10	16,8	26
0	5	6
8	7,0	6,7
0	1	1
0	5	6
6,25	5,4
1	4,6
1,47	1	2,11
3	16,0	7
2	4
0	1,31	6,2
-1	3,4	2	-1
2	22,14
0	1
5	7
2,12	20,8
1,20	-1	5
0	1	2
0	15	14
3	6	7
3	9	7
1	9
0,5	2,12
0,23	3	19,20
1	2
9	2	14,37
0	3,28
0	1	2
2	0	3,12
3,14	8
5	2	16
4	0	2
3,1	16,4	8,15
2,6	3
14	0,6	12
9	16
2	12	7
4	5	8
1,14	2
-1	11,10	12	0
13,5	14,24	5
1	16,18
2,41	7,10	8
4	9
4,9	5
8	4
2	1	10
1,7	4
1	2	4
4	19,20	-1
2	1
18,10	1	10
3	15,13
1	2	5
8	4	0
31	1	5
2	7
5	7
6	11
0	1	2
1	3,1	6
4,3	17,9
1	3	6
14	-1	-1	-1
2,7	4,5	0,11
0	4,5
11	10
7	-1	5
1	5	6
4	7	24
21	1	2	3
3,17	18	33
6	10
1	3	3
8,3	3,8
8,2	13
50	16	25
-1	9	0
13	19,13
5	7	11	13
2	17	13
0	1
-1	6
1	11
4	13,8	10
0	4,0	6
3	3,1
2	4
17,6	17,12	1
0	2	13
-1	-1	-1
5,8	4,5	12,8
0	0	1
8,12	4,5	-1
8,1	5
1	1
11	10
0	5	5
0	1	1
0	0,6	6
0,3	0	1
-1	3	4	9,8
12,0	38,11
7,1	7,6
12	1,8
1	-1	3
2	3	4
0,8	8
2	2
22,0	6,54
18,7	4,7
1	1,12	6
0	5
15,4	14,4
0	1,0	2
2	7,102	12
1,7	3
2,0	-1	-1
14,2	4
3	4	0
15,17	8	-1
4,3	26	11,38
1,3	1	2
1	2	3
12	5,0	-1
2,1	1,0	9
9,5	15,16	14
0,1	2,5	7
2,0	3,16
1	11	17
3	4
0,7	1,0	1
1,0	12
10	15,12	6
25	4
5	2	1	2
9,1	3	2
1	5,6
4	5,3
6,0	2,10	12,13
1	2
61	0
0,6	5	10
3	6
9,13	10,5
4	16,6
-1	0	12,4	18
0	2	1
9	10
1	2
2	8	8,2
5	0	0
0,6	3
-1	-1	-1
2,3	5,7
1,10	1	3
2,10	6
2,6	3	2
8	12,28	-1
1,0	0
24	29,1
4	6	7
1	1	1
3	13
0	2
1	5
4,12	1,2
12,3	12
0	1	9
2,1	3,5	4	-1
6,3	2	-1
0	1,3
1,0	2
0	2	1	2
0	1
10,1	8,12
2	3	-1
6	10	6,19
3	3	4	4
5	5
1	0
0	3
12	-1	21,2
1	5	6
19,13	10
7,3	11,35	3
3	4,2
1	3
1	5
0	4,3
1	4	5
0,7	6,3
0	3	12
2,9	1
1	5	7
4,7	7	16,17
3	4	4
0	3	1,0
2	11	3
0	1	8
15,12	15	16
4	5
0	2,0	1,0
2	10
14,13	16
2	3	4
2,3	10,5	10,0
1	1	3	10
4	6,0
3	8
1	2	1
2	3
1	2
1	2
2	4	7
0,2	3	7
6,10	7	10,8
7	1	8
0	1	7
0	2
0	1
0,1	9,6	13
0	1	2
12	7
3	3
2	-1
1	2	2	8
9,2	5
11,5	5	64
5	8,5
1	-1	2
5	32,23
1,0
0	2
0	0
2	13	12
1	12
0	0	4
7,0	2
2	4
1	5	6
2	2	3
0	-1	5
9	9,2	11,9
0,7	6
0	-1	11
2	4	10
1	3	3
2	1
0	2
0	0
0	1	3
0	1
1	4,2	7
2	10	10,4	8,4
-1	-1
0	3,2	12,0
0	2
1,0	8,0	1,0
3	7	7
5	5	-1
1,13	4	13
2	7	8,20
8,9	2	7
2,3	3,13	8
0	1	1
1	7	2
2	13	-1
1	3	9,7
0	6,7
5,9	-1	0	1
0	1
4	6	8
0	1	11,4
0	1	3
0	0,1
2	3	5
14,3	24	22
1	2
0	10
0,5	6
0	3
2,14	0,7
1	10	4
7	18	8
0	12,3	6,15
6	10	12
3,6	6
4,18	7,8	13
9,0	4,5	11
2	3	3
11,9	6	14
1	2
3,1	11,12	13,14
1	7,4
0	-1	6	7
1	-1	3,0
-1	4	9
1	2	6
0	2,3
2,9	4	11
2	4
2,7	7,8
0	1	1
9	20
3,5	12,6
8	8	14,17
4	5
1	1,10	4
0	2	5
3,38	2,20
0	3	9
6,9	42,9	9,2
1	2	0
18	17,7	-1
3,8	14,25	6
7	2,7	9,3
1	3
0	0,18
1	2	9
11	2,7	-1
0,3	10
4	5	7
3	11
2	6
6,1	10,25
2	0
1	0	15
0	8,1	1
5	6
0	1,0
18	16	23,17
4	1	9
0	7
5,3	4,8
1
9	7	6
1	9
0	5,20	-1
11,13	23
12,13	2	14
0	1,0	6
1	7
1	9,5	4
1,21	0
26	7,15	34
6	9,3	3
1	3
9	16
5	5
0,19	2	2
2	3	5
1,19	6,1	10
0,2	2	-1
0	7	9
3,0	3
0	22	8,3
1	13
0,8	14,10	11,12
3	4,2	18
0	1	9
1	3
12,5	14
9	1,10	6
0	3	11
4	2,5	7,15
1	7,4	4
1	1	5
16,30	6,7
7	6	6
9	10
5,9	19
0,1	-1	4
3	2	11	7
2	10	13
1	13	0,14
6	-1	-1
0	20,6	7
0	10
0,8	13,4	2,13
0	15,18
10	9,11	9
3	6	3
2,0	4
1	1	3
3	4	12
1	2	3
11,2	3
0	1
3	-1	3	-1	3	3
3	5	4,8
12,2	1
1	23,8	16
14,0	17,3
1	1	1	7
5	1,0
1	3
1	9	-1
3	5	10
2,1	6	7
24	4,12	15,9
1	9,10
0	2	2
1,6	0	2,7
0	1	4
2	3	6
0	11,13	15,10
0	12,41	9
5	6,29
1	2	2	3
1	2	3
2,1	2	29
10	1	3
0	2,11
1	2
1	6	12
18,20	19,20
0,4	2	13
3,4	9
2	3	5
21,5	22	46
0	19	17
16	1,12	11
1	2
1	7	9
0,18	7	-1
5	7	9
3,1	24,18	7
1	2
1	1
1	1	18
10,1	1	28
1	7,2	10
2,3	4	9
12	18	18,7
3	20	10
3	9	10	10
2	3	8
5	6	7
0	1
-1	0	2,14
2,7	9,3	0
12,11	8
23	22	-1	52
3	4	5
5	6,20	7,24
2	4
1,5	21	2
2	5
2,0	10	11
5	6
0	8,1
2,8	15	11
0	3	4
0,1	7,6	14
5,0	6,0	8
3,21	6	1,6
4	10,13
10	8	2
1	2	3
0	4	13
3	10,6	4
3	8,9
4	17
7	6	10
1	7,13	9
0	0,2
1	3
10,9	15,13
3	4	5	8
0	1
1	4
36,5	37,39
1	1	3
3	4	7
2	4
1	4	7
1	2	13
7	8	6
0	5,2	3
0	4	9
1	14,7
8	9	7
0	1	2
3	4	6
3	6
2,11	3
2	11,12
5	5
16,2	25,26	32
0,8	8	1
7,3	6	3
0	2	3
1,0	6	9
1	5
10	11
11,12	21,10
0,9	1,0	0,5
17	2	6
19	11,7	15,16
3,0	9
13,0	4,2
11	4,3	10
0	1	7
4	0	10
5	0	14
1	2	5
1,29	3
2,16	4,16
3	10
2	11
2	9	10
4,9	19	-1
2	4	11
3	3	4
1	2
4	5	6
2	5	6
2	3
6,2	17,2	12,3
34	64,15
0	4
3	4
7,2	4,5
1	2	14,11
1	1
3	0	2
1	5
1,18	5,11	12
2	6	19
2,8	-1	20
1	12	0
11,2	11,21	4,16
-1	6	9,6
3	6
1	10	14
3	4	5
4	3	-1
4,8	20
29	10
3,4	19	-1
8	2	9
0	4	3
1	3,0	6
1	3
1	2
0	1	6
4,5	27,11
0	5
2	3	9,5
7	7	9
14,28	1
0	5
11,8	7	7
11	10	24
-1	1,7	7
4	8,9
2	12	8
4	2,4	4,1
0,1	14
17	2	-1
10,1	2	6
3	-1	2
1	6
-1	2	4
0,1	7	2
3,7	0
3,0	0
0	1,0	4
11,14	11,2	14
3	6
3	6
1	4	5	7
3	5,9	22
5	8,10	-1
1	3
2,0	75
0,1	2
5	1	2
4,19	6	-1
2,3	2
1	4
0	8
0,2	5
1	7
3,12	1	2,40	9
7	19
11,13	20,8
0,1	2	7
0,31	1	16
1	1	14	14
13,7	2
4	11	21
1,23	1
2	3	8	8
-1	14	3
7	0	10
2	2,8
9	8	9
0	2	3
1,0	0	19
1,6	0,8
1	3
1	1	2
1	2	5
2	2
2,0	6
4	6	10	12
0	4	6
1	0	4
2	0,5
1	3
0	2	-1
1	3
0	1	2,9
7	8,7	7
4	16	-1
0	0,2
1,11	5	9
3	6	9
0	1,9	8
4	6	10	12
1	4,2	1,4
5	7	34	36
5	7	12
0,2	13	-1
9	20
25,7	7,39	30
10	5	6
1	2	15
0	6	6
1,0	12,0
1	8
1	2
1,30	-1
1	1
2	8
13	23	12,3
4	5	4
1	2
4	6	10
2	6
1	2
0	7	5
11,1	12,7
0,3	1	7
12	6	10
0	0	12
17,3	2
0	2
7,3	-1	6
0	2	10,8
0	4,6	7
6	3
2	2	9
1,20	1,11
1,0	4
1	3,1	-1
0	9,3
7,5	3
0	1	4
4	11
3	9	14
0	4
0	1
3	4	5
4	5,4	18
5	4,6	3,8
29	-1
6	21	4
2,6	8
0	5	20
1	9
1	1	2
1	7	6
2,11	3
0	1	2
1	3,4
4,1	7
0,14	10,4	2,12
3	13	13
0	2	3
0	1
4,1	2
1	16
2	3
9,19	7
3	5,7	9
1,13	5	6
8,3	10
3	0,31
3,14	25,3	21
3	4
1	9
2	3
1	4,6	6,20
3,2	1,4	4
0	1	2
1	6,3
1	0
2	5
0	1
1	6
1	12	13
1	1	2
11,1	1	2
1	4
0	5	1
3	0	17
0	1	0
0	2
6	-1	-1
0	20,4	14,12
12	2	2
3	3	1
1	2
1	2
1	2
2	3
12,3	4	17,1
3	2
3	14,2	11,4
3,5	11	6,9
2	10
0,4	23	1
20	7,6	20,2	12
2	1,7
3	9
0	1	0
22,0	3,1	14
1,3	3	14
4,8	18,8	6
15	1
6,3	14
0	1	3
8	1	9
0	1	-1
1	1	18
3,6	0,8	4
1	1	3
4	12	12
1	1	3
6,2	1	17
4	10	5
0	6	6
1	2
3	16,3	6
1	1	3,19
4	17	1
4	4,2	2
0	2	19,10
-1	0,18	3	18
1	2	3	3
1	2
1	2	5
1	1	2
10,1	1	11
2,3	2,11
2	10
1	2
0	1	2	3
23,5	1,3	2
1	1	10
8,3	16	10,2
4,8	17	2
0,14	14,23
1,10	4	0
7	3	2,8
2,5	12,14
4,31	25	12
0	0,8	18
0	24,23	2
6,7	12
0	0	9
5,4	3,12
1	3	4
1,0	0,12	4,9
14,13	3	14,1
1,11	5,3	11
4,3	5
1	1	3
25,19	0	21
0	1,0	8
2	3,26	4
15	0
11,4	2	-1
22	33	25
1	2
0	1	2
3,11	1	3
0	0	0
0	2,1
0	12	3
1	2	5
0	0,19	10
1	2	3
1	2
3	1
3	6,5	3	0	13
1	2
3	1
6,1	2
1	3	3
0	1	3
4	6,5
3	1	2
5,2	6
1	1,2	3
0	12,2	3
11	2	3
4	6	1
7	1,6	3,10
13	1	13,6
1	2,12	1,22
5	19,4	1	3
1,2	4	1
1	2	2
1	9,1
5	9
9	15,10
4	8,7	9,8
5	13,9
1	2
0	0	1,0
1	10,21
4	0	7,2
0,10	1	6
1	1,4	7,0
3,11	11	10
5	3	2
4	2,5	4
4	5	11
0	2,9	9,3
9,3	0,1	1
3	2	6
26	1,15	34
0	2	19
3	16	14	14
18,4	3	6
2	5,6
14,3	4,2	6,7
7,10	2	10
3	10,1
1	9,0	8,11
0,1	2,0	1,5
1	3	24,0
4,6	3	0
0	1	5	6
1	4	2,1
16	12,3	1
17	4	16
3	5	17
-1	0	25,5	-1
21	16,21	2
2,3	8	15
1	2
0	9,3	0,10
1	2,3
5,6	1	5,6
10	1
0,1	2
1	2
0	6	13,7
11	9,10	10
0	1	0
6,1	10,3	5
11	2,5	2
2	0	16,18
10,25	13
1,64	25
1,2	3
0	2,10	11,4
12,3	10	6,3	7,1
1	5
5	9	10
1,11	1,0	1	2
11,17	18,2	3,25
12	11	18,16
10	10,16	24,0
1,5	1
8	1	1	2
3,24	18,24	0
6	5,3	4,10
0,4	4	4,2
0	8	8	2
1	1	2
3,1	2	7
0	1	10,17
4	8	8
1	2	6
8,24	1,19	2,4
0	1,2
4,5	19,8
4,1	13,0
0	1,2
0,1	13
0	4,2
0	5,0
1	5
1,2	2	12,26
3	2	13
4,2	4,1	1,13
17	17	15	-1	15
0	2	21
3	10	10
4	10
0	1,5	3,2
15,4	1,2	14,3
1,18	1	10
1,88	2
0	0,4	6
3	1	3
3,4	1,3	12
0	3	1
1	0	3
0	1	4
0	1,6	14
0	8	15
0	1,3	0,4
2,0	7,1	9
13,1	13,0	34
8	1	8,1
6	6
0	1,9	2,6
5,9	5
3,4	6,5
1,13	15	6
7	8,12
0,5	3	0,16
4	0	13,4
3	1,6	0,8
0	1,10	13
3	3,6	4
0,9	1	2
1	2
5	1
0	1,3	2
0	2,10
16	3,8
4,25	2,5	25
0	1	2
1	11
2,4	2	6,1
3	1,2	3
3	0,31
4	1	1
0	-1	-1	4
1	1	2,4
5,3	2,0	2
0	1,17
5,0	6	6
1	-1
1,16	11,16
2	3
1	10	11
0	0	2
1	3	2,3
1	3,4
1	9
6	1	5
1,3	4
2	4	4
1,44	4	5
1,17	2	5
1	1	1
1	4,2	16
8,1	0	2
1	2,3	2,17
24	6	22
5,4	7
1,2	0	2
3,7	3
0	10	1
0	7,3
1	0,25
5	6
1	1	6	3	-1
1	3	22
6	14,15	14
0	1	3,22
4	2	0
4	8,10
22,1	22,4
1	4	4
2,3	1	6,3
0	0	1
3	7
3	9	7
12	25,32	1
0	1	5,4
25,3	7,6	13
1	1	4
3	4	5
0	2	3
0	3,11	8,4
103,5	3,109	12
0	7	1,12	7,1
0,20	1	12
13,9	12,4	13	21,17
0	0,12	8,15
4	5	10
0,3	1	5
3	0	1
3,9	2	10
5,4
3,1	5,2	18
16	0	16
9	1,3	2
3	2,14
0	28,14	9	21
1	2	6
0	1
4	6	3
0	2
0,16	1,21	0
3,8	1,26	18
1	2	3
0	1	2
1	0
0,5	-1	4,5
12,23	1,2	-1
3	2
3	4	12
1,3	2,1
1	2
11	1,12	2
1,9	3,27
5	0	19,4
0	1	10,1
0	5,0	2
3,20	1,2	2,1	20,45
0	1	4,11
1	3	22	4
0	2	6
0	1
1	2
35,1	2	3
0	1
6	3	5
4,39	4	5
3,4	2
2,4	9
3	21	2,1	-1
0,2	8,1	5,3
0	1	2
0	1	2
3	0	0
1	3	1	4
1	2	11
0	3	3
1	-1	2
1,0	2
0,1	6	6
1,10	3	16
1	1	2	-1
1	2	3
0	1	2
1	2
-1	-1	-1
10,0	7	3
1
0	-1	0
0	3,4
3,2	3	5,0
1,0	4,3	1	14
0	2	0
2,8	16,9	26,16
1	5,6	1,6
1	5	1
0	5,1	5
1	0
1	2,17
1,33	3,22	31
29,9	29,13	-1
2	3,12	5
-1	1	-1
0	1,6	2,4
1	1,0	0,18
4,14	1
3,4	1	2
4	3	5
5	8,75	9	13	14,15
1,0	1	34
17	4	12
0	1	2
18,31	8,15	5
1,5	1,4
0	1	2
3	1,3	6
1,0	0,3
3,6	7
2	5	9
1,0	11,20	-1
1,22	22,55	0
1,15	3	23,1
3	6	2
12,1	1,0	-1
4,1	4
5	4	16
9	21,25
2	12	11
1	1
0	2
11	11	3
1,16	52,31	4,3
18	23,1	23
14,6	5	14,17
0	0	1,4
1	4	10	2
21	22,5	15,37
5	5	1
15,0	1	18,19
3	7,1	1
1	2
5	5	-1
4	4	4	-1
1,17	2
1,8	15,3	9,5	3
1,6	9,22
1	3
1	2
4	6,85	8
1	9	2
0	1	5	16
3	4	2,3
17	4,15	7
5	2
4	1	6,4
0	1
0,1	0	1,2
2	1	0
3,38	25,35	26
0	1	1	3
6	23	24
0	3,13	6
19	5	9,3
23,4	22,23	14
4,0	1,19	19
-1	-1	-1
4,1	6	5
39	0	-1
1	1,0	5
3	29	5
1	3	6
0,3	3
2,12	1,13	2
0	4
1	2	3
6	23,11
16,2	12	6,4
3	9,21	5
-1	17	15	15
3	5
0	2,13	30
13,11	4	25,4
4	5	7
1	1	2
17,1	3	16
0,1	4	23
4,2	3
3,13	1
0	1	5
1	4,12
1	2
2	6	9,2
2	3
9	9,2
12,0	3,8	13
0	1	1
3	31,40
12	1	17,4
3	1	2
10	0	8,2
1	0,1
4	7	30
2	3
4,0	17
1	3,19
1	8	21
0	2
1	2
0,13	2
1,3	3,2	9
3,1	1	0,7
16	11,17	4
10	1	6
0	1	2
0,25	4,1	1
3,4	5
14,10	4	15,19
3,5	0,1	4,5
2,18	1,20
4	8
2	13	13	2,25
16,9	1	2
0	1	2
19	12,4
3,11	2	2	0
16,1	17	3,23
3	5
0,1	5,1	3
4	5,6
5	15,14	16
0	3	4	13
3	5,19	16,10
22	23
1,3	20
1	0,1	4
0	-1	3,6
0	2	3
9,4	1,4	3,9
0	1
4	5,18	-1
0	4
0	8,13	1,8
1	2	3,18
3,10	0,11	12
1	3	2
0	5	-1
0	0	1,7
3	1,10
3,0	23,18	11
0	1	1
3	2	1
0	1,23	13
2	3
-1	0	2	16
0	4,2	1
5,6
1,3	3	4
6,4
1,3	47,30	3
3	0	6,9
22,16	3	16,9	17,1
4	0	6	5,40
0	1
1	2
22	14,2	31
0	1
0	1	8
3,4	3	1,7	3
1	1	2
22	0	22
1	8,4	2
1	15	5
4,9	5,3
4	2	16
0	1	2
0	29	1,59
0	2	3
4,6	1
8	7	10
4,1	1	2
1	2
0	1	2
0	1
1	2	2
0	0	12	1
1	3	5,4
5	10	9
1	3
1	2
1	2
1	2
3	6	2
13	4,10	13,4
18	1	19
5,23	12	16
1	3,15	-1
6,16	13,2	18,13
0	4	2,5
3,7	1	4,5
9	9,7
0	0	10
1	2
1,7	9,7
4	0
28,93	28,41	8
1	3,13
3	2	11
0,1	15,14	12
1	5	9
17	39,44
16	13	17
0	1	2
0	1	1,5
-1	-1	-1
4,6	8
3	1	2	4
4	0,1
2	3	8
2	3	6
0	26,13	0
10,5	13,1	3
8,0	8	2
3	-1
3	2
0	1	1,0
6	16,7	8
3,4	11,21	19,3
4	14
1	2
0	1,23	23
0	1	6
0	2
1	36,118	20
1	4	0
0	1	2
0	1,6	2
46,6	21,3	-1
19,0	19,20	4,3
-1	1	9,18
1	1	0
10,18	11	20
0,17	10
0	2	6
3	1,0	4
3	1	4
14,3	3,2	14
0	7,2	5,0
33	4	69
3	1	9
4	11,20
6	4	9
4,12	3	4,5
20	10	13,18	20
18,46	2,7	15
2,4	2,1	20
0	2	7	9
0	4,3	11
3	10,2	3
0	0,3	1
0	0	19,21
1,0	0	13
2,16	3,14	20,2
2,3	15	4
13	13,19
9,18	18	5,13	8,12
12	3	2,1
0,7	10	11
1	1
0	2,0	1,0
2	1,9	9
0	13	12
16	2	18
0	1	4,6
5	1	2
0	4	14
9,2	1,3	15,18
0	1
2	23,32	13
1	2
8,1	4	7
12	12	17,9	-1
0	1	2
1	16,23	2
11	5,2	0
3	18,17	9,14
0	1	2
0,1	3,7	4	13
0	3	2,22
39	7,20	52,3
6	7	5
5	1,2	9
0	2	5
1	6	12
0	6	4
44,2	33	34
1,20	3,1	3
3	20	1
4	10,3	1
2,4	1	15
4	7,37	-1
0	1,2	24
14	14	-1
1,10	5
7,6
1	1	2	3
0	12	12	1	1
1	2	3
0	1	2
0,1	0	6
1	7	4
0	2	1
0	5	2
3	3,11	15
0	1	2
1,13	1,12	4
0	2	5	17
0	1	2
1	0	7,0
2	3,2	4
11	2	2
1	0	5,20
1,11	2,7
1	2
20	0	16,14
0	2,7
1,0	-1	-1	-1
1	20	9
4,3	12,14	12
3	0,4	3,16
4	3	2
1,3	1,21	11,10	3
2,1	4	4
3	4,3	6
13	0,2	0
13,8	3	5
3	4	2
-1	-1
15,1	1,0	1	-1
1,4	2,5	2
0	4	2,11	-1
0,18	1	1
0	2	9
3	11,10	12
12,5	11
1	1,75	1
0	2,1	9	12	15
4	16	15
3	7	15
3	6	13
1	3
0,2	2,1	24,2
4	-1	13
2,0	2	19,6
1	0	1
5,1	13	11
2,0	10
4	4,3	14
3,29	9	0,9
2,10	7,3	3
0	1	6
2,1	3	10
0	1	2
0,1	1	2,25
3	7,2	6	0
4	5,1	1,9	7
1	2,7
2	6,4	5,4
0,18	18	2
0	1	2
1	2
6,84	32,6	34,1	7,17
0	2
0	1	2
3,6	1	2
0	1
1	2
4,1	1,6
4,22	9,21
0	1
3,28	5,4
0	23,22	0,2
1,23	-1	-1	30
3,1	0	0
2	2,4	10
5,24	2
4	24
1	2
1	1	2
3	2	3
0	1	3
4	0
3,4	4	22
1,3	8	18,12
3,13	1	6	13
1	2
1	15,2
1	2	5
0	1
3,12	6,12
1,5	5
3	4	7
2	10,8
1	17,3
0	1	2
16,3	3
5	4	6
0	8
9,0	4	5,12
5	2,1	13
1	-1	6
4	2	18
4	5
2,1	15	3
1	9
2	3
0	2
2	1	2
1	3	6
27	1,27	27
0,3	1	6
1	2
2,1	5
3	1,9
1	2
0,20	1	1
0	2	9
0	1,4	4	3,1
3	1	2
3	5,4	-1
2	1,2
3,2	3,9	1
0	1	1,2
7,3
1	1	7
0	6	0
0	1	1,0
0	1	2
0	2
2	13,20
3	6	7
0	2
5	16,2	16
4	7,10	34
1	6
2	2	3
1	2
0,1	8
4	9
31,13	3,17	3,25
1	5	-1
0	0	2
-1	5,4	12
0	1	12
3,25	0,19	3,4	5
74,39	8,39	41,12	12
7,20	1,4	2,7
3	3	1,2
3	1,5
16	12	1,3	12
1	2,1	4,3	1
1,24	29,6	5,9
0	1	7
0,8	10,4	4,3
4,21	12,24	9	12
10	5,33	10
12,11	0	5
9,15	9,2	1,13
0	1,5
0	3	3
31	20	21
3	15,3
0	2	1,2
4	13	16,11
2	1
0	1
3	15	15
1	2
2	9	22,15
4,12	15,9	2
0	1	2
0	2	11
0	1
1	0,36	33,3
1	8	3,1
10,13	27,22	23,9
40	36,41	57,27
21,3	3	2	1
3	1	0
0	3
37	29,37	30
15	17,31	14,0
0	2,9	2,0
3	13	3	-1
1	2
0	51	4
0	1,4	0
9,8	0	7,0
6,7
0	0	0	-1
7	2	2
3	2	9
0,30	3	5
-1	1,17	1
4,8	0	17,20
1	16	17,1
24,0	28,29	44
5	15,1	10,8
0	2	2
19	22,18	0
1	3	4
7,30	8,6	12,21
1,11	8	11
0	1	9
0	1
6	1	7,6
1	16,5	14
27,3	1	42,27	26
0	6,27	13,18	-1
0	2	11
1	3
1	2
1	8	7,13
1	2	7
9	2
0	1,8	26,12
1,0	0,1
0	1	2
19,9	4	13
0	0	6
1,16	2
2	2,0	0
0,9	64,22	8
0,62	1
8,0	1	2
0	5,4	7
3,2	2,10	8
0	1	2
1,3	2	5
1,0	2	4,7
5	2	2
0	15	3,4
4	4,11
3	2
10	0,10
1,16	4	15
0	0,8
2	2
4,3	7	14,6
3	17,0	16
0	2
4	11,7	11
3	1	2
0	8	8,17
4	11	13,10
0	2,10	19
0	1	2
0	2	8
4,1	2
0	1,3	6
3	4	5
2	4	6,11
0	3	15,25
0	0,4	5,15
1	7	2
3	0	1
0,1	2,6	6	-1
0	6,19	6,0
37	37,3	-1
0,8	3,9	8
1	3	14
0	1	0,22
1	2	3
2,0	8	1,4
0	1	3
3	5,1	1
0	0,1	0,19
10	1,11	0
8,9
-1	18	-1
0,1	0	7,8	10
0	1	9
10,3	3	4
3	19,3
6,4	-1	11
7	22,8	20,1	-1
0	2
0	1	10
3	1
21,5	28,29	2
5,6	7
0	1
3	3	19,0
1	1
15,1	3,13	5,7
4,3	3	11
0	1	2
0	5	7
0,21	3,1	21
0	1	1,3
4	0	2,0
1	2
3,11	7,13	7,22
1	1	5
0	1	2
3	2,4	8
1,14	1,0	1
0,8	7,0	3,4
-1	6,0	7
0,4	2
6	0	2
0	1	6
8,1	15	5
0	1	15
1	2
0	1	0
28	1	31
3,12	12	4,14
5,4	16	12
4	5	6
4	5	11
1	5
1	3	7
5	2	6
21,19	2
4	5
1	2
1	2
1	12	-1
1	6
10	17
0	1
0	0	31,9
0	1	1
11,16	17,16	5,17
14,4	3,1	-1
3	6	8
22,14	0,13	5,1
4	3	3
2	4
1	0	5,0
1	2
4	10,1
1	5
1	2
44,72	1	64
2,5	7	7
1	15
1	21,27	18
8	17	7
7	7
10	-1	11,21
18,3	3	8	11
0	1	0
3	2	13,3
1,3	6,5	0
1,23	7
3,4	5	6,13
8	0
2	3
4,5	1	3
0	2
1	1	4
4	6,3	2,18
0	1	1
2,34	1	-1	1	2
0	12	3
0	1,0	4
1	9,13
64,52	64,2
0,48	4,0
1	4,5
5	14,12
4	7
0	1	2
0,8	1	1
0	11,0	0
3	7	13
1	2	3
3	8	10
3	9	21,30
0	1	2
28	1,32	1
29	7	21,5
4	11	0,12
3,4	0,5	10
17,1	5,4	16
3	1	2
37,5	5,6
0	0,19	0
0	1	5
0	1
3	11	8,9
0,14	10
19,1	14,1	3
1	2
0	2
4,3	9
0	6,4	6,2
1,4	2
0	1	16
0	6	24
5,7	7	15
8	1	2
3	2	0
10,1	0	2
16	1	2,16
0	10
5,53	5,1	8
6	1,10	6,12
4,14	0	14	11
7,5	8,15	9
0	1	1
13	12,4	12,13
3,17	0	18
3,8	3	4,3
0	1,2
1,9	5	11
3,1	1
0,16	3,1	4
1	2
9,8	8,9
19,4	10	4
6,5	19,52	52
1	2	3
5	6	7
0	10	18
1	2
3	14,10	1	3
2,3	12
2	5	12	-1
1,3	9,6	1,7
26,24	9,3	14
4	6	12
9,5	0	1,3
0	6	6
8,6	14,8
3,5	1	4
3	1,13	8
3,1	1	4
3,25	5	5,23
2,10	0	2
1
3	4,3	8
0	0	1
1	2	2
0	-1	1
3	1	1,3
3	3,17	2	16,1
14,18	3	9
0	2	8
0	1	2
4	5	1
2	4	6
1	13	15
6	14	11,6
1	2	3
3	1	2
0	-1	0
3	4,2	3
0	0	20
12	19,0	2
0	17	0
6	6,25	14,5
0	1	2
10,22	10,22	0,22	16,22
9,3	4,5	8
1	5
4	6	4
55,16	18	6,1
1	2
0	4	13
1,7	13	6
3	2	14
4,13	0	2
0	9,11	10,5
0	1	1,18
0,2	-1
3	5,1	3
10	10	9
3	3,1	4
23,12	0	18,0
0,3	1,10	2
3	1	2,3
1	10
3,4	8
0	5,8
0	3,4	3
1,4	0	17,24	1
7	2
3	1	2
0	1,47
29,24	25	14
0	3	4
1	1	2	6
3,11	11	11
16,18	3,23	11
33	8	8,6	-1
6,2	6
1,18	3	8,1	-1
0,4	3	4,11
0	1,13	6
0	1	16
4	2,20	2,21
1	3,13
18	2	9
4	4	4
7	19,1
2	3
6,3	12,24	11	3
1	2
1	2	14,0
0	6	6
0	7
0	7,5
1,6	2
7,5	10	11
0	0
4,1	6,12	6,7
-1	-1	-1
0	2	9
11,3	23	16,17
5	0,23	2
3,1	2	6
3	2,3	8	1
1	2
1,0	7	9
1	2	5
7	3,1
0,5	2
4,13	10,0
0,7	10,2	3
8	4	15,16
1	2	2
1	2
17	4
4	6
2	0	2
2	3	4
6	11
11,6	11
6,3	10	3
1	3,2
29,19	21,4	3
19	16	3
0	0,1	2
1	-1	5,8
3,5	3	5
1	2	12
0	1	2
0	13,3	-1
7,3	3,1	1
-1	0	4	-1
10,51
1	2,3
1	5
1	2,0
3	2
1	12,0
2	3
1,2	4
4	2
1,12	3	8
0	4,0	4,10
0	1	3
1,0	1	15
0	2	-1
15	5,2	18
3	1	2
10	4	1
13,7	13	9,7
0	1	5
2,14	5	6
1	10
16	15,19	7,20
12,11	20,17
1,3	2	1,7
5	11,4	20
8,6	9
4	9	10
13	1	1
7	1	2,6
0	1,7
0	1	2
9,0	2,15	1,21
2	0,1	7
13	3	15
4,1	4	0,1
0	1	16
0,15	1
9,11	9	5
1	2
0	1	4,5
27,2	12	27
5	0	6,2
1,0	3	8
0	2	1
3,2	0	5
16,10	5	7,22
29,4	16	16,27
2	3	2	9
0	4	0
0	1,2
1,2	1	17
30	4,30	21,27
1	2	3
0	13	1	1	1	-1
25	25,36	8,20
0	0	1
0	0,6	0
8,1	4	2
2	2	20
1	2
0,1	2	1	20
0	3	3
1,6	1,2	5,7
5,1	18	23
0	2	4
0	0	17,23
0	1	2
3	4	5
4,1	2	7
1	2
3	11	4
5,12	1	0
16,0	2	16,2
1	9	2
23,19	2,5	36,3
6	4	5
0	10	4
4,5	5,0	0
3	14	14,3
12,35	4	4,5
2	1
21,0	5,3	12
4,18	4,25	18,26
3	35	3
1	12
16	3	1
0	2
0,4	32	2
3	4,19	21,2
0	1	2
0	8,0
14,2	1,2
1	0	4
0	1	2
0	0	2,1
0	8,4	0
-1	1	1	4
2,37	11	23
1	0	1	13
1,3	3,2	0
1	1,3	13
0	2,0	9
1	5,0	0
13	1	5,0
0	1	1
3	2
0	15
0	1
0	1
0	0	-1	-1
7,10	-1	-1
2	10
5	-1	3
21	2	3	4
33,8	1	2,36
6,7	3	20,11	14,8
5	3,0	17,9
0	16,2	-1
1	0	18
8	2	9
4,2	4,5	4,17
3,4	6	7
6	16	7
1	2
2	0,4	31,2
0	1
16,15	22,0	17
0	1	8,18
4	0,1	26
12,19	3,6	6
3	1	17,18
44	7,0	36
0,6	0	8,20
1	6,5
3	15	18
1	28,10	1,26	28
0,5	6,11	11,6
0	14,10
3	1,20	18
18	4	-1
15	15	15	5
2	6,5
0	1	18,2
7	4
1,4	3	5
6	1
2,3	9,16
-1	5	28,18
1	6	2
0	2	5	14
1	2	3
3	18,1	3,1
3	2,11
1,0	1
2	0,11	1
0	2
0	13	18
25,15	15,8	15
0	0	0
21	6,3	10,20	7
10	3
0	-1	1
0	1
0,3	0	20
32,0	4	4,21
0	3	2	19
7,4	8
1	2
1	2,1
1	10,2
12	3,4
1	2
4	5,9
3,5	2	5
2	8	1
1	2
0	1	2
0,30	16,4	9,16
15	15,0	-1
4	4	2
1	4	12
1,5	5	16,5
1	37,4	2,7
-1	3	0
0	3	9
1,27	9,21	14,3
4,3	1	1
4	7
15,6	15	15
1	1	3
12	13	9,13
2	5
1	1	1
0	0,1	0
1	2
1	1	2	2
1	26,38
1	3	6
4,2	27
3	1	2
0	1,4	21
2	0	3
13,0	1,3
0	2,62	1
5	1	0
3	13
1	2
5,6	4
4	4
3	10	7,8
0,6	18,12	18,3
8	21
3,4	2,4
1	7
0	1	1
1,0	3	4
0	4	0
0	1,0	5
0	0,2	-1	3
1	1	2
4,13	4,13	9
3	17	17,12
1	2,17	1
0,26	0	17,8
2	13,9	25,11
1	2	4
0	2
1	3,7
1	2	3
3	3	1
2,14	0,8	15
17	2,5	25
0,48	60	6,28
5,29	5,29
3	2	2
32,51	2	2
1	2
1	10	5,9
3	1	4	6,7
32,7	3	3,7
1	19,20	3
0	10,5	6
1	2
3	3,7	2
4	21,9	11
1,4	5	4
8,7	1	8
13	2,13	9
1	2
0,52	9,14	4
4	0	1	9
0	1	2
4	5	4
4	5	10
4	5	7
2,10	2	10	1
3,4	3	4,0
0,14	1,3	2
0	1	2
1	1
4	19
1	1,2	2
3	20	2
0	0	10
0	4	3,0
1	2	6
1,3	3	8
3	3,0	3
0,41	4	-1
13,1	0	6,1
0,3	1,9	9
0	2,6	6
2,68	2	4
3,20	20,21	28
2,4	3
4	1	6
0	1	2
3	-1
21	12
0,1	2,0	1
0	1,0
5	9,17	5
4	1	0
2	1,4
3	16	21
2,4	6,7	17	7,17
4,24	4,10	9,0
0	1,0	0
0	0	5	6
0	1	13
1	2	2
7	3,8	2,8
17,29	4	28
1,0	3	5
1,4	11	12
2,1	3	12,33
10,3	10	23
3	7	15
21	0,1	23	4
4,1	9	16
1	5	6
1	17	17	15
0,1	2
0,2	1	1
9,36	82,57	9
4,5	4	13
3	2,15	9
0	1	2
1	3,13	14
16	2,3	10
1,7	2	4
0	-1	1,3	32
1	9,2
1	2
3	8
0	2,11
0	2	1
23	15,1	3,20	32
10	1	2
1	2	11
-1	3	3,38
27	5,1	4
43,54	17,22	8,2
5,38	3	0
3	7	10
2	3,5
31	13	13,6
30	19	1
1	4	2
16	19	1
31	58,9	41,45
1	5
1	1	6
2	5
7,6	10	10
0	2
1	-1	4	-1
0	5,28	18,5
0	7	0,2
1,45	18,30	1,30
1,0	2,1
0	4
4,39	2,6	19	14
4,3	-1	-1	10
6,0	3
3	1	0
14	14,3	14,1	10
0	2,6	2,3
0,5	2	13
1	4,11	2,1
0	1	-1	2
0	17
1	1	2
5	5	0,23
1	17	2
2	1
0	1	2,3
12,1	2	9
1	6
1	2
12	9,12
-1	-1
3	4	7
0	15,66
0	2	11
0	1,3	3
1	2	0
3	5
1	4	11
1	7	13,12
1,3	2	28
0	2,1	3
0	1	2
1	0	23,19
0	1,9	14
6,0	2
4,9	14	0
3	11	0
5,24	4,3	4
3,4	2,1	0
0	2,1
0	6	3
1	7
5	20	5
1	3	5
23,28	26	7,10
2,12	3,26
1	1	3
0	4	7
0	1,2	4
1,11	2
1	2
1,4	4,1	4
0	2
6,0	2,6	3
0	1,2	0
0	0	8
0,2	0,1	4,5
1,0	9	-1
3,5	1	2,6
0	1
5,0	13,2	14	10,15
0	1	0
0	1
1	1	-1
60,5	2	2,33
18	20	9
1	2
0	2	8
1	4,5
1	2
0	2
0	15	-1
1,3	2
0	1	2
9,25	15,16
3	2,3	2
0	1	0
1	5	0
0,5	2
1	3	3,19
0	4,8	4
2,0	3	26
19,3	0	2,12
2	12	11
1	2
0	2
13,0	24	13,2
0,16	17,0	0,15
10,0	1,0	11
0,8	3	0,8
0,2	1	10
0	5,0	11,7	4
1	19	19
0	3	12
0,4	1	11	17
3	1	2
3	1	2
14,13	13,3	19
27	0	2
7,3	2,0	2
1
1	2
6	1,4	5
1	5
6,0	6,2	0
1	2
1	8	13
1	2
21,3	4
3	3	6
1	3,10
0,12	0	-1
14	1	29,9
3	1	2
3	0,25	2,3
0	0	0
0	5,8
0	2	2
0	2	3	22,23
1,3	4	3
21,3	1	14,0	3
37	43	-1
0	1	12
1,0	3,6	9
5,1	11
0	1	2,0
0	1	2
8,4	3	8
4,0	1	8
1	2
4	2,3	9
0	1	1
1	8
1	2
2	8,9
0	1	2
3,1	0,2
1	2,1	8
0	4
0	1	2
0	2	6
4	5	7,4
4	0,12	3	-1
4	3	5
0	5	8	2
12,2	4,3	1
0	2,3	4
1	2
1	3	4	-1
4	15
0	1	5
1	0	10	-1
4	11
3,1	10	9,12
5	5,24	28
24,19	8,16	3,25
0,2	2
3	1	2
0	11	8
0	2,0	1
3,6	0,1	6,3
1	-1	-1	6,3	7
3,9	10,4	9
3,12	5	10,5	19
2,17	1,22	4
1	2
0,14	1
1	2
1	1	2,3
0,8	1	2
0	1	1
0	1	17
3	9	2
1	6
1	3	3
9	2,9	4
2	3	7
5,21	9,11
1	2
0	1	2,19
4	5	8
1,17	3	5
3	1	2
0	2,4	8
3	33,22
3,10	5	9
3,1	15	15
3	17	17,20
0,2	6	2,6
25	26,1	2
7,23	4,5	5
21	1	4
4	1
4,1	11
3	3,1
13	1	2
0	5,4	0
0	29,0	24,16
0	1	2
0	1	2
1	2	3
5,3
9	10
8	3	6
10	7
4,0	9	0
11,4	11,0	15
3	2,4	4,12
0	1,5
0	6	8
0	0	2
9,3	11	40,8
11	2,4	4	8
10	3	2
0	1	7
11	0,18	4
2	3,4	14
0	1
6	5,2
0	5	16,7
0	17	30,34
3,17	12,8	18,17
0,2	0	-1
4	7	15
23,2	7	2
5	3,1	4,0
3	23,9
0	2	-1
3,21	22,3	6
3,4	6
7	15	7
0	3	1,3
1	8	2
3,4	4
16,3	4,33	3,16
0	1	0
1,0	2
1	1	2
3	4	13
0,24	1,0
0	19,0
22,5	2,3	12
1	1,3
0,20	19	10	-1
0	16
0	11	6,7
1	1	2
0	10,5	0
0	1,0	0,6
20	-1	-1
24,27	26,39	21,16
4	4	7,12
1	2
1	2,3
3,34	16,13	-1
14	13,0	8	14
1	1,5	0
1	1	1
2	2,8	13,5
0	2,10	7
1,9	1	0
3	-1	4,5
5,22	-1	4
2	3
33,48	15	14,24
4	9,15
21	3,2	2,4
12,0	1,22	9
0	4	1
2	4
6,5	4
1	1	6
4,3	5,13	2,16	-1
0,2	0	2
0	3	7
0,1	2,3	2
19	6	26,1	7
3	1,3	0,1
0	1
3,1	5
0	2	3
3	2
18,4	4,6	15,24
7,0	4	16
1,8	0	3
1	10	2
0	2	5
1	12
1	1
1	-1	3
1	2	2
7,6	8
1	2	16	-1
15,5	10
4,1	3	10,1
1	2
2	10,15
2,18	3	6,4
1	9
1	1	7
4,12	3,17	10,1
1,35	0	-1
6,29	2	3
24	-1	-1
4	-1	4
0	2	0,9
0,9	0,19
0	1	2	3
0	4	0	0
3,4	0	23,4
1	2
0	1
0	0	19
2	3,1
0	9,8	5,8
0	1	2
3,6	2	0
4,13	1	3
2,29	1	18
0	1	3
0	1	0
0	5,30	0
10,14	5
3	1	8
1,22	1,10	24,6	4,2
1	0
1	2
3	4
6	1	1
1	4
0	-1	4
0	11	6
1	11	0
0	1	0,5	-1
1,8	0,4	11,2
11	12,13	0
1	2
3	0	12,4	18,3
1	-1	2	3
3	5,3	4
0	1	2
7	8
3	10,1	10
0	1
22	4	5
13,2	8,3	13
0	-1	-1
11,0	11,0	2
1	2	6
0	0	2
13	3	3
11	9,66
3	1,2	2
3	5,4
0	1,14	3
2,1	15	2	14
3,66	4,2
-1	3	0
0	6	12,3
3,1	0	8,3
1	10,33	4
19	4	12
26	19
5	1	2
1,14	12	13
1,0	2
12	4,13	14,2
2	0,5
3,8	8	7,37
8	5	80	-1
7	11	12
22,8	7,1	22,11
3	0
0	3	11,3
0	1
3	-1	1
1,3	2	0
3,4	7
1	4	1	4,3
3	10,1	12
1,5	8
2	5	7
1	2	8,1
10,1	7,4	3
1	3	14
1	2
33	-1	25
5	5,26	4
9,4	23,34	3,16
4	5	8
4	1,8	2
0,9	2	1	27,9
1	0	4
17	1
0	7	3
0	15	2,3
21,15	1,0	6
0	1	0
7,9	0	-1
0	1	5
0	2	5,1
1	2,6
0,1	7	8,7
6,1	2	21
4	1,11
0	1,4	0
0	1
0	1	0
1	4	47
14,1	1,23	22,21	0,23
3,1	6	2
0	2	5,8	0
1	8	8
4	6
2,19	7,13
3	21,4	4
33,10	43,15	-1
1	5	5
11	1,12	24
2,13	2,3	13
6,5
1	2
0	2,8	2
3	2
20,11	20,17
0	1	8
2	3	7
0,9	1
1	16,1
2	1
0	5,0	6
1	0,5	6
60	5,18	3,60
0,2	43,5	44
0	18	0,1
0	9,1	6
1	6	3
3	0,8	3
2	1,6	5
3	17	18
1	6	9
1,4	2	12	14
8,32	7	7,4
0,21	0,9	16
8	9
2	1	2
0	10	15
1,0	12,1	19,21
1	8
1	4	6,0
4	1	4,2
5	11,54	6
12	2
0	5	5,3
0,14	5
4	8	12
1	2
10,9
0	2,1	5
1	2
1	3
1,3	5,2
1	2
2	2	3
1,0	2
1,3	2
4,2	11,0
1	2
0,1	2,5	4,1
0	4,18	17
1	6
1,0	2
2	4
1	2	3
4	0	8
1	2
0	18,3	3
5,20	2	0
0	1	10
3	2	0
2	0,9	14
3	17	4
1,4	8,1
1,2	21,2	1
0	1	2
0	1
1,0	2,7
5,1	4	9,33
0	24	28	23
3	1,4	3
1,0	17,19
3	1	2
0	1	1
0	9	7
1	21
1,5	2	2
1	9
0	0	5
0	2	3
0	1	2
1	0,1
1	1	2
1	3,5	2,14
3	1	2
3,1	8	1	4
4,16	1,4	16
3	4,1
20	1,10	11
0	1
1	2	5
0	1,0
0	4	5
1,0	0	1
1	1	4
10	-1	-1	-1
3,0	0,18	6,0
46,64	44	54,24
1	4	5
0	2	11
3	1	1,17	2
4	4	28
0	3	2
4	1	2
4,3	5	6
33,5	14,37	65
4	7,24	2
0	2	12
3	5	8
3	10	11
2	2,1	2
0	1	2
20	1	0
0	5	2
0	12	14
0	5	2,14	1
4	13,7	9
0	0,6	5,3
0	9	5,4
4	3,4	17,12
4	5,13	7
6,7	3,11	11
5	0	10
3	16
7,3	2,7	7,17
0	10	10
5	20	7
2	23,11	11
0	18	0
3,1	3	0
3,1	9,12	3,12
11,4	1
1	0	1
1,0	1,0	0
8	7,5	2
1	2
14	0	-1	1
3,1	1	4
1	2
30	39	26
18,39	10	27,5
0	1,7	12
14	14,26	16,1
1	8,13	17
1,10	9,8	9,18
25,1	25,41	19
1	2,18	10
18	19	18
2,22	7,15	19
4	13,1	2
20,0	23,34	44,4
0	24,21
0	11	1
3,7	3,6	4
1	1	2
1	12	4
4	2	5,23
0	1
3	1	11
4	11	16
0	1	2
0,19	1,33
18	14	23
9,10	16,17
6,14	0,12	7,5
0	0	0,12
2,7	1	13,8
0	4,12	-1
0	1	2
0	23,11	4
5	1	0,2
1	2
0	0,5	2,12
0,9	1	2
13	1	1,13
8,0	8	0
19,3	10	17
1	1	7
0	1	2
0	-1	7,0	6
1,7	4	18
0	7	7
11,1	1
1	2
1,47	30,48	-1
0	1,19
0,3	17,34	1
1	2
3,19	2
0	2,3
3	2,8	13,98	13
0,10	1,2	4
4	0
7,8	7	-1
0,11	0,12	8
1	2	3
4,5	8
53,32	71,64	7
20,41	0,5	2,20
19	15	15
6	6	11
4,8	1,6
7	11,7	4	7,11
11	3,5
9	5
1,2	12	25
2,5
1	2
11	12,7	8
1	4
3	5	6
1	2
1	2	7
1	1	6
1	11,0
1	15	25
14	13,14	4
1	2	5
1	10,9
1	0,3
2	0	6,1
0	2,1	6
0	1
15,3	16	-1
0	1	2
0	6	3,4	-1
0	3	1,2
3	8
4	1	12
0	1	4
0,11	1,6	7,5
0	1,19	17,19
3,11	12	12
1	2
1	2
0	16,2
1	1
1	2
3	11	12
3	1	0
0	10	4
6	2
1	2	7
1	6,4
0,12	1	0
13,0	6	13,14
0	4	1,16
38	5	12
4,16	6	15
1	2
0	3,8	8,0
0,13	11	22
1	3	3
3	13,4
0	1	2
0	1	1,4
5	4	8
2	4	3
1	10,0
3	4	5
0	7,2	17,1
3,13	3,19	5,17
1	5,4	10
10,8	1	1,15
10,2	11,3	26
1,0	16,2	10
3	4	12
0	1,0	0
0	2,0	12
9	6	6
4	0	0
0	1	2
4	1	0	0
14	1
1	1	6
0,29	6	-1
1,3	15	15
1	2	8
1	2
0	1,9
3	11	-1
3	0	30
0	2,0
5	0	7
3,0	1,6	6,2
11,3	-1	11
1	3,13
3	6,1	15,8	3
3	-1	-1	3
3,9	10	5,19
1,3	21,7
1	2	2	2
9,30	31	30
0	0	1
10	10
4	7,6
0,15	4,0	4
17,35	1,10	23,27	-1
19,4	1	-1
30,12	5	21
2,4	0	12,2
8	16,6
1,6	2	3,1
4	7	5,23
4,8	0	1
5,4
44,5	6,21	26,11
0	1
10,0	0	7
0	1	4	10,3
3	3	0
0	3,9
0,3	3	14,11	4
1,6	2
4	10	4	1
13	1,24
1	2	2	16
0	0	9,1
0	14,7	2
7,3	4,1	6
4	0
1	5,12	9
12	3,25
0	6
4	0
0,74	3,25	24
28	38	0
3,1	2
3	8	7
0	2
13	2,8	3
3	2
17	1	10
4,9	12,0	4,13
0	3,6	8,0
7	10,11
2	3
2	2,13
3	11	2
1	2
3	5	8
3,0	0,2
4,0	13,25	28
1,25	5
13	7,12	7,2
0	1	4,0
0	5,2	2,1
0	3	2
7,14	6,25	20
4,0	1	5
3,2	3,56
20	4
1,6	3,0	10
1	0	1
0	9
0	8,9	12
1	2
4,2
0	1	2
1	1	11
-1	3	22
3	6
6,4	15
1	5
5	0,5	23,18
4,2	4
1	3
4	5,4
1	6	-1	-1
3	0	5,3
1	7	14
3	4	5
12,11	12,11	15,13	-1
0	1	12
0	1	0	15,22
3	0	2,16
0	6,8
12	12	12
17,14	1	12,14	8
0	2	6
0,9	1	5
1,3	-1
1	2	5
6	4,0	0
0	1,2	3,4
1	7	1
0	13,19	5
2	11
3,8	5	19
8
1	2,13	24,34
17	3,7	19,2
3	4
3	1	2
0,2	1	13
0	13	5
0	0	5
5,4	7	-1	7	1,7
11,3	11,0	10,3
0	1
0	1	2
3	7
0	1,12	2
5,1	0	2,6
0	1	2
0	19
1	2	2
1	1	13
1,0	2	2,0
0	15
3	10	2
4,22	22,23
1	7	6,1
52,3	6,1	1
30,5	4	14
0	2,9	34
11,1	7	4
30,5	2,3	39,26	18
0	1	2
25,0	-1	21	-1
2	5	14,13
1,0	0	2
1	3
4	16	22
0,4	1,3	2
0	0	1
14	2	1
3	1	0,4
9	2	13
1	2
0	2
11,5	7	2
3,1
3,13	7	3,9
0,8	1,2	9
30	1,0	0
4	1	2
1	1	3
10	2	10
4,3	3	1,2
6,7	7	20	19,20
1,0	2	6
3,4	0	3
5	1	10,8
20,17	4,18	0,18
6,0	1,2	0
0	1
0	12,3	0
0	1	0
3,4	-1	37,36
0	1	16,10
0	0,3
58,29	35	75
0	1	-1
1,0	2	1
13	5
3	2	0
1	2
4,15	1	16
1,2	1
1	7	6
1	2
1	13,7
4,9	16	15,27
3	13,5	4
5,23	5,3	25,3
16,0	6	22
7,6
1,28	7	21
1,34	1	26
3,5	-1	5
1	7,26	1
3,6	6,2
1	9,10
1	6
0	1,9	-1
2,0	3	4
1	4	36,35
2	3	3
3	1	6
1	4
1	2
4,5	5
0,1	4,3	8
4	0,3	25	6
0	1	9
3,2	4
1,3	2	0
3	4,1	2,1
3	3	0	8
16	-1	16,2
1,4	2,7	0
1	4	5
1	2,4
2	6
1	1
2	1,14	2
1	2
24	7,9	12
0	2	2
13	15,20	14
3	1	2
0	2
8	5	8,1
3	41	34,12
1	4,31	3
3	0,2	11
0	2	3
0	5	11,13
1,0	0	11,12
0	1,2
-1	12,10	2,19
-1	0,1	6,14	21
5	25	26
3,5	3,2	-1
1	1,3	1
24	17,2	1
7	8	8
2	3	10
3	2	4
16,22	15,20	12,13
9	51	81,5	-1
3	17,7	17
14,5	14	14
1	2	3
8	6,2	14
3,11	12	4
15	2,6	5,15	6
0,16	2
6	0,4	7
5	-1	18
0	-1	2
13	2,13	10
-1	7	9,10
0	3	1
1	1	9
3,6	11,9
3,54	65,19
1	5,9	5,25
5	9	3	-1
0	0	21,2
0	1	2
0	0	2,3	-1
0	3	5
0	3	1	3
1	10
0	5,10
5,10	5,13	19
0	2	3,37
0	2	3,2
-1	1	-1
0	16,8
0	7
0,16	16,11
143,26	79	120,4
14	12	11	6
3,1	3,13
0	1,9	0
1
0	2	12
1,5	1	4,9
18	1	2
8,9	4
5	4	7
0	1	6
24,14	23	26,27
3	5,2	6
3	3	1,2	3
1	-1	25	4
1,13	1,2	11,14
2	1	1,11
3	9	8
0	1	18,24
0	1
0	1	9,11
4,1	1	-1
24,3	12,4	5
6,41	12	7
1,15	8,11
1	2	4
1	2
2,4	6
3,0	11,10
4	6,5
1,2	14
7	8
9	1	-1	-1
5,1	13
4	4	4
2	3	9,4
1	2
12	2	3,10
6	7	6,1
1,8	5
6	12
6	13
1	2	18
1,3	-1	27
0	3
0	3	1,14
1	8
2	4,6
5,1	1
3,2	21,2
1	8,1	0
4	8
1	12	10
4	3	3
0	16,10	3
0	4,9	13
1,8	5,8
0	1	2
7	2,7	9,8
2,3	4
1	1	2
4	5
0	1	2	2
7,1	8	1
1,3	11	7,22
1,3	5	11,3
4	6
9	0	4
0	13	3,0
0	16	8
0	-1	30,16
0,2	1	7
1	2	16
0	1	10
2	2	3
2	5	1
2,21	15,33	33
1	4	10,9
0	4
0	13,0	2	15
0	4
1	5,14
0	1
1	2
3	0	1,3
4,18	12	3
0	1	2
1	2	5,6
5,4	4,1	11,9
1	2
13	5	6,4
0	2,7
0	2
4,8	12,8	0
14	16
0	1	13
0	7
0	6,3	3
0	1	7
3	0	2
0	2
3	0,10	1
11	4,15	-1
1,8	2	10
4,3	4	11
1	0	2
12,2	3,0	-1
2	2,7	7
0	2	6
0	-1	4	6
3	2	10
0	1	8
0	1	5
0	3,4	2
1	3,0	3,5
3	0,6	3,6
1,12	12
1	2
1	2
23,11	2
1	2
4	8	5
3	1
26,17	17,4	17
4	0	3
23,0	2	23
1	2
0	12	3,7
3	10,0	19,10
0	1	4	9
4,5	5
2	5	4,0
-1	-1	-1
5,1	5,11
0	1	8
0	2
6,7	5	0
5	7	16
1	4,1	6
1,4	4,0	2,1
1	2	7
2	3	11
1	17
2	3
1	3	4,6
1	2
9	0	4
18,17	13	18
2	3,4	7,8
1	3
3,17	0,16	7
3,2	17	22
1,21	1,6	10
0	1	2
0	1,12	8
1	11,1	12
0	1	6
3,1	11
4,5
0	1	2
3,2	1
0	2	3
3,22	1	0
0	1	5
0	5,4	1
2	5,2	8
9	6
0,20	1	2
0	0,1
0,5	3
0	9
0,3	1	2
1	2,3	4,1
2	0	2
1	0,1	2,0
0	3,2	7,1
0	2,12	1
3	8
3	3	1	4	-1
0	4,2
0,3	1	2
3,4	-1	3
4,2	2	1,9
7,0	3,0	6
5,3	3	8,2
3,5	1	2
0,7	0,2	0,7
16	4,16	10,16
3	0,2	3,10
3	11	2
1	1
0	9,0	0
1	3	13,12
0	1	2
11,17	3
1	2
1	19
8	9	-1
4	1	23
1,8	2,9	-1
12	18	2
0
2	23
3	0	4
1	2
1	4
0	3	0
3,20	14,3	14
28,4	2	15
0	1	0
0	4	8
9	9	1
0	2	1,19
0	0	0
0	3,2	4
1,10	1	3
0	2	6
0	1	2
2,0	1	1
1	3
0	19,21
3	2	11
0	1	2
0	2
7,5	14
11,18	1
0	3	7
0	0,1	4
6,3	20
11	0
-1	-1	9
0	20	1
3,6	0,6
0	10,2	22,36
9,0	8	4
4	2,1	2,8
3	4	13
3	1	18
22,0	0	13,11
3,9	3,1
1	2	6
0,9	8,0
0,13	2
0	3,4
3,5	2	6
31,9	28	8
0	13
2,3	5	21
0	1	3
6	26,0	11,1
3,5	7,9	9
3,4	3	4
1,2	2	6
3,9	3,18	9,14
0	1,4	2
3	3	4
14	0	-1
4	5	23
0	1,2	4
1	7	7
0	0	10
2,17	0	17,12
1	2	8
1	4,3
1	37,9	14	31,6
0	1	3
4	58	-1
3	-1	1
0	1	2
5,1	8,11	11,0
4	1	1,9
0	4,2	2,17
2	3
4	15	3,4
4	1	3
5,3	11
3	2,3	2
2,24	3	2
17	0	4
1	5,9	4
0	3	9
0	23,11
3	4,2	4
11	13	-1
0	1	2
10,11	14
0	0	2
0	1,24	15	-1
22,23	18	15,11
4	1	14
4,2	26,1	21
3	2	3
6,0	5,1	7,6	13
0,19	23,3
6	3	16
3	2	8
3	2	2
5,6	8
0	0	0
4,0	1	4
11	2	16
0	-1	3	3
4	6	10
4,1	10	33
0,7	2,8	3
5,3	1	4
4,17	14	16
3	-1	5
4,0	2,8	1
4,3	6,7
5	1	2
4,0	10	1
0	19	20,1
11,4	10	16,10
-1	5,9	9,4
21,0	1	2
0	13,5	5
0	1	5
2	8	9
2,3	9,4	3
10	18,17	3,10
13	13,20
0	2	10
1,3	14
5	10,23	11	13
29,37	16
4	5	0
0,37	12,5	1
15,4	2	2,18
1	0	2
0	1	2
4	5,10	3
0	6,17	14,16	14,5
0	1	2
11	0	0
7,5	5	5,0
0	10,0	0
1	1,5	2
1	6	23	4	5
1,3	3	4,1	0
5	9	12
2	3	3,6	11,13	-1
4	1	5,4
0	14	15
3,1	4
14	9	9
3	4,0	4
1	2	1,14
0	10	0
0	3,7	11,4
1,0	2
9,48	17,22	4
4	1	3
20	12	6
0	1	13
1	8
0	3	15
3	5,14	1
0	3	29,26
5	5	19,7	36
1	7
4	10,54	16
1,4	26	1,39
4	11,14	4
4	-1	-1
4,2	6,0	12,1
3	2,14	14
7	20,3	8,28
5,0	4,14
4	20
2	2	3	4
32	0	21,0
5	4	3
2	2	3	3
3,1	3	2,3	-1
8,13	8	18,28
2	16,1	8,3	18
11,10	11,10
0	8,4	4
0	1	2
3,7	12	2,11
0	1	13
4,14	0,16	2
13	14	1
1	18,0	18,1
9,10
0	2	3
0	1
0,11	0	5
0,4	1	5
27,4	0	7,2
3,25	6,19	50,18
4,5	14,0
5,67	3,0	18,15
2,3	12,3	12
1	1	7
3	1	8,0	10
0	-1
6	6,1
0,42	56	0,23
8,4	3	8
2,9	2,10
1,0	5,3	2
3,0	9
1,3	1
4,2	12
0	1	5
1	6	0	6
0,19	12	12,2
0,3	1	2
1	3	21,0	0
20,4	5	14,8
0	1
0	2
1	2
4	0	9,3
0	10,4	0
3	21,9	7,2
29,6	29,23
0	1	2
1	2	6
1	8
0	1	6
4,0	16,15	0	15
0	1	2
26,21	3	27,26
0	1,2	1
2	5	2,12
3	13,7	3
0	1	2	-1
1,19	3	5,14
5,10	-1
10,3	14
0	12,1	0
3	10,0	11
1	2
7,3	4,29	3
24,1	16,1	16,7
1	2	3
6,5	8	11
1	11	11
0	0,9	0,4
39	2	5
0	2	9,4
15,10	0	0
3,11	12	6,3
3,4	5	8
0	1
3	3,20	15
1	1	0
0,1	4
3,0	3	6
1	3	2,1
12	2	6
0	1
0,5	0	10,15
4,5	10
0,1	1	2
1,8	4
4	8
3	8
2,10	4,10	4
3	4	14
24,1	1,12
3,2	8,4
1	2	10
2	4
0	2
4	5	6
4	2	1
1	2
2	2	2
26,2	18
1	2
2,4	1
1	2
21,16	1,2	11
1	8	9
6	11
2	7
2	3
1	20,9
1	8	2
2
1	2
2,7	3,4	7,11
1,6	7
1	6,5
1	2	6
1	14	9,2
1,15	3,2
2	7	7
2	9
6,0	5	7
1	2	15
3,16	3,16	17,16
7,0	1	7,2
1,7	0,3
4,8	17,1
3	1	2
0	2
20,2	22,3
2	4
1	2	7
11,5	2	5	21,3
3	7
5,29	3	5,12	6,8
6,10	16,15	16,22
10	11
3	4
9	1	5,25	10
1,2	9,2
11,40	1	24
1,14	3	0,8
1	2
3	1,0	2
0	0	6
4	3,5	5
0	5,0	10
0,22	3,1	0
1,5	20,18
0	0	13
2,16	3,2	27,10
0,13	5,4	9,13
0	5	10,3
3	5,59	8,2
0	1	2
0	1	3
0	1,32	1
22,17	44,39	24,7
3	4,5	6
1	1	17
7,6	8
0	-1	1
15,23	1
1	2	7
3	1,0	2,9
8,5	0,16	1,4
2,0	5,4	21,5
4,63	4,9	0,19
0	17	8
1,3	2	2
21,8	4,12	-1
0	1	2
1	0,1
2,5	18	-1
3	1	4
0	2	1,0
3	4,9	6,10
1,3	12,16
3	2	3	7
1,10	1,9
0	4	3
0	1	4,3
1,0	1	4,3
3,43	43,23	4
1,2	26,3
4	2	7
0	4	17
9	0
3	6,0	6,8
0	1	3
1	3	2	2
3,8	11
1	9	2,4
2	4	14
4	4	3
1	2	4
2	4	1
13,16	1	0
3	4,7
3	4	4,5
1	12,5	13,1
0	1,3	2
1	3
6,5
4,8	8,3
3,0	14	6
1	3	1
0	1	3
1	15
5	1	30
4	2
0,7	8,1
4,14	5
1	13	8
13	2,18	2
1	7	0
3	15,7	15
0,6	-1
0	3,0	0
3	3	17
16	0,25	-1
3,37	1,40	13,1
2,3	2,1	3
3	4	10
1,4	0,1	20
13,2	5	11
0	0	20,30
12	1,0	0
4,14	0,4	2
4,2	8
1	4,1	28
1	1,3	1
3	21,10
0	1,24	2
0	0,1	5
1	2,9	19
4,3	4
6	6,11	6,12
12	11	14
16,3	2	15,31
0	12,13
5,1	0
11,0	0	0
10	7,12
0	1	1
1	3,5
3,16	2
3	13
45	4	28,8
0	2	3,4
0	14,15	73
0	11,16	3
3,4	2
4,0	19,3
3	2	10
0	2	3
1,2	15	3	13
1	1	5	12
0	1	2
0	1	7
5,17	1	-1
1	4,2
1,3	1	6
0	-1	4,20	18
6,0	10,4	0
1	15	19
3,4	1
6	3,15	20,33
4,10	-1	3
3	4	13
0	1	2
0	1	4
0	9,10	1,16
12	9,7	0
0	1	2
3	1	1
0	1	1
13,16	3	1,0
14,6	0
18	9	3	-1	4	7	-1
0	1
1	0
20,3	15,5	14,15
1	5
3	3
3	5	5,15
1	1,3	9
34	34	35
4	-1	2	2
4,5	1,7
39,5	10,5	9	12
0,1	1,23
0,12	1	3
3	1	10,3
1	18,17	17
5,6	2,10
4	1,3	0
2	5
2	8	6
5	-1	0,1
2	-1	4
1	2
1	6
11,21	16,20	42,17
1	3
1,5	2
2	3
37	27,37
-1	1	3	8
1	2	2	2
1	2
2,5	26,35	18,7
10,32	40
0,1	2,1	3,4	4
1	2	8
0	5
1	2
1,13	15
1	2,9
1	-1
0,1	1,2
3	2	2
5	9,5	6
1	2
0	1	1
14,0	22,28	14,6
5	7,6
2	3
2,8
3	4
0,1	4	0
1	3	2
4	4,9	3
1	2
4	6,5
0,7	1,7
5,4	10,3
4	0	4
1	10	1	10
0	-1	-1
1	6
1,3	1,9	2,18
0	51,11	0
0	1	1
0	1	1
5	5,3	0,20
3	2	3
0	2	3
0	1
0	2	12,13
16	5	24
1	2
0	8,7	11,2
1,8	2,3	1
1	1	11
1,32	0	4,22
5,9	-1
0,15	1
0	4	8
0	1	2
25,3	1,39	0
6,0	3,29	3
0	2
3	5
1	2
1	2
6	7	5
16,7	3	15
16	-1	9	9
2	5	10
7	8	11
4	18	-1
4	8,6
15,11	5	6
2	1
0	9,29	18
1	2	2
-1	38
1	2
1	1
3	5
1	1	2
6,4	6,3	3
0	1,3	12
0	7,4	1,3
0	6
8	59,58	15
53,56	25,5	6
0,2	2	3
2	8,9
4	1
0,21	0,26	3,23
35,0	1,20	20,10	9,17
-1	11	14
47	69,60	80,31
1	9	2
3	-1	7
14	10,4
14,5	17	7
1	13	2
9,0	1	2
3	12	12,7
3	4,2
0	1	9
2	1
4,9	0,31	1
1,2	0,10
2	4
2	17
1,17	13,4	13
1	1
1	4,1	12
0	3,12
-1	1,12	17
3	1
7	2	5
4	7
0	2
5	10
6	9
-1	0	1
1,0	2	3
0	1	2
6	24	32,24
2	0	0
0,5	4,0
0	1
8	7	8
5,3	8	6
1	1	2	5
2	4	13
0	6,0	12
0	7
8	3	9
2	4,27	8
1	2
4	2
0	2	2
0	1	2
0	4,6	2,0
3,15	7	0	13
2	3
1	14
10,1	11
4,27	0	5
0	4	21
0	1,2	4
1	3	1	6,9
1	11,2	13
0	4	-1
3,2	17	21
5	6	11	12
1	18
3	3	4,9
1,5	4,12
1	2,1
0	1	16
4	1	5	5	5	10
4	5	17
1	3,14
2	3
5	5,33
1,15	2
5,2	5	9
1	2	7
2	5
1	3
6	3	1,5
2	18,7
2	12,14	9
4,7	4,7
1	3	27,29
15	13	16,22
11,12
25,24	10,28
3,4	2
1	3,14	1
1,6	6	5,6
1	2	11,16
8,7	14
4,3	0,4
0,6	1,2
0	2	3
17,8	-1	6	4
0	3	2
0	22
3	11
0,5	2,4
6	17
0	0,10	4
0	1	9
6,3	2,1	8
26	44,7	33,32
1
2,14	4,12	0
3,0	7
14,19	13	15,4
1	3
3,9	2,14	-1
5,2	3	15
6,21	5	6
1	16
10	11,18	11
1	2	5
0	1	2
5	6,7
19,3	2,0
6	4	9
0	0,14	-1
5,10	3,12	9
4	7	9
2	15,10
1	2	11
1	0,1	0
1	20
3	2
12,11	2
1	2
1	3
1	2
8	1,0
1,0	19,11
3,9	9,2	9
1,3	2
4,31	1,37
1,12	1	13,28
0	1,9
23	3	0
0	14	-1	3	14
0,5
6,7	5
6,4	20,8	11	11
8	24	6,8	5
1	0,2	13
0	2
1
1,0	2
2	3
0	1	1,9
2,1	2	1
20,1	6,7	5
9,31	5	15
-1	5	23
35,7	7,24	11,23
8	1	1
9	10	-1
9	18,0
10	5
4,3	9,2	4,13
5,11	19	20,17
0	1	12
3	7,9	2,6	0,4
5,2	3	6
12,24	11	13
-1	0	-1
15	20
1	2	0
3,9	2,3	13,0
1	4
1	3,6
1	2	7
2	9,11
0	3,6	11
1	11
1	3,9	4
1,8	1,13	4
1	2	8
0	1
5	19	19
1	3	5
1	2
6	16
1	2
3,1	2
1	3,2
1	2
10	4	5
3,2	6
1	2	2
-1	8,0	10
1,5	3
1	12	2
0	1	1
4	2	2
0	3	3	3,8
0	1	0
3	4	5
3,7	-1
8	7
2,1	2,4	1,4
0	4	13
4	1,10
5	6,27
16	0	10,7
7,2	27
0	15	37,22
25	2,46
1	8	3
3,10	4,12
1	1	5
1	2	5
0	1	2
7	23
3	3,7	8,5	6
4	0	2
1	3
1	7	8
1	2
5	1
2	1
3	2,1	13,17	3,19
2,0	13,2	5
2,4	5	3
1	2	10
7,8	10	11
7	11,12	1
2	13
0	12	11,15
7,0	5	2,0	-1
5	5,6	2,59
18,17	9,2	10,53
1	21
1	18,24	15
9	16,17
2	4,3
5	5	-1
1	3	17,21
1,42	44
2	6,12
1	5	17,22
1	5	2
7	5,2
20,31	-1	24
4,22	2,25
1	2	8
1	2
0	0	0
1	2	5
16	1,6	23
3	15,21
1	2
0	1	-1
1	1
5,6
16	16	8
1,2	18,19
1	6
3,12	5,16	12	1
5	16,2	6
0	2
2	2	4
1	3
4,3	16	-1	26
5	2
1,12	6	7
1	10,0	13
1	2
9,35	3	26
14	10	27	-1
0,30	30,7	9	0,12
6,5
11,0	1	13
4,1	2
3	4	6
1,7	2
2
4	10,2
1	2
18	10,1	19
6	5	8
1	2
10	13
2	3
2	6,2	0
2,0	1,2	2,14
1	2	5
1	3,2
3,0	1	4
3,4	12,2
0,6	0,6
4,2	0	46
1,2	10
1,14	6
1,11
1	2	3
2,10	1	5
5,0	7	3
1	2
5	4,3
0	2,15	9,27
1	2,4
1	8	9,11
0	1,43
2,5	12,31	3
2
7	6	19
12,18	4,0	2
14	15,16
5,1	14
6,0	9	18
0	2	4
0	4	12
1	12	14	13
11,7	7	9
6	6	17
35,20	7
2,0	1	3
15	14,1	3
2,6	3	4
0	1
0	1,3	3,6
2	1
0	11,1
0	1	2
0	4	8
3	14
24	22,2	17,13
4	18,1	17
4	19	21
1,13	1,12	11
6	2	4
0	0	79,36
4,5	9
13	7	8
0	1	2
2	2,3
4,3	6	27
5	7	11
12	14,28	12,26
5	1	2	12
5	0,21	-1
2	6	26
10,26	10	6,1	6
6,0	8,13
6,0	5	11
6,17	5,3	4
0	1	3
5,25	2,6	23,61
9	5	5,39
5	15	15
6	23,24
6,34	37,33	36
2,6	3
24,34	4	6
4,0	3	19,10
7	4,8	7,12
10	37,25	24,0
16,17	9
3	4,3	11
3	1	5
14	5,4
22,21	22	14,6
4	8
7,8	20,27	20,21
4	1	12
0	1	9
0	1	2
4	7,15	-1	20
5	7	13
0,31	1,70	2,14
14	18,5	5
7,6	13,5	41	-1
0,72	9,93	81
0	3	12,13
-1	-1
19,16	0,4	29
0	3	7,77
5,4	8	9
0	20	20,14
62	-1	6,9
9,7	3	-1
5	6,5	5,6
21,12	7,33	30
2	26	6,28
1	0,27	4
61	61	2
4	9
2,5	10,4	4
9,13	31,9	34,14
0	0	1
1,7	12,3	9
0	5,18	11,3
1	4	5
3	5
21,91	21,91
5	5
13	1	6
1	0,12	6
5	4	4,2	3
0	1	10
3	11,3	15
14	16	30
4	6,7
1	2
8	10	3
0	3	3
1	0
2	4	5
4	6	6
3	1	12,4
0	1	4
2	3,4	4	12
0	1	2
3,24	1
9,32	4
2	4,5
5	-1	-1
1	2,53	7
4	3	2
0	2,1
2	5
0,2	4,3	26
2	8
4	2
2	25	29
1,0	16,0
1	6
8,52	2,9	6
0,7	1
1	2
0	1,5	18
12,2	3	4
13,0	6,10	18,7
14,4	15,4	2
2	3	5
-1	11
12,0	15	13
5	16
2	7
1	12	1
0,3	4,10	26,30
3	3,8	0
6	3	6
2	10
4	5,11
0	9	4
1	4
1	2	5
22	1	4
3	1	1
1	22,0	7,3
1	2
1	2
1	22,33
4	3,11
13	3	3,13
4	17
1	2,13
13,1	13
1,0	20
3	4	0
2	2,1	2
3	4
2	3
3	10
4	12	8
13	1,11	2
4	4,2
0	1
0	2
1	2
1,9	0	2
0	0	7
3	4	4	5
3	2
3	6
-1	1	2	3	14
2,3	19
4	1	2
1
22	11	0	1
1	2	5
1	2	9
1	27
1	2
2	13
2,19	5	5
3	4,35
7,8	12	12
1	2
0	2
1	2
2,40	32	-1
4	6
2	1
1,0	2,9
1	2
1	4	5
3	1	15
1	1
1,13	1,5
0	2
1	2
2	4	21
2	3	6
1	2	7
14	4	14
8,11	19
8	7	3
2	3	3
1	3,2	2
19,1	8
1,5	2
14	11,15	6,18
1	2
3	4	11
2	3
9	11
1	2	3
1	1	6
1	2
1	2
1,13	11,14
1	3
11	5	29,24
2	3
1	16	27
1,0	4
5	8,6
5	19	20
2,9	1
1	1	2	13
4	18	6,2
2	4
1	2
0,14	1
2	15
1
0,4	4	7
3,8	2,0
0	1	0
14,1	3
1	2
2	3	10
0	1
3,12	0	3,5
14,4	6,7
5	6
1	3	8
4,12	12,4
6,1	2,1	5
1	6,14	9
21,17	4
1,0	1	0
5	1
1	2
2,7	10
1	2	6
3	2	13,25
1,3	2	2,6
3	2
1	2	3
1	2	7
19,4	3	20,4
0	3	3,4	51
1,3	14,24	14,3
3	2
1	2
3	10,1	11
1	2
1,0	2
1	2
7	16,4	9
12,10	2
6,5	13,19
1	2
3	2
7	10
0	1
2,4	9
15,27	3	14
13,16	7
4,5	6,7	7
1	2
1	0,1	22,2
2	8
4	12,11	-1
1,0	2
2	3	3
14	8	16
1	2
1	13
1,0	3	6
15,3	2	6
1	5
0	3,0	6,4	6
1,6	1	16
1	2
6
2,3	4	5
7	-1	9,27
7,8
1	1	2
14	27,6	19,25
2	12
1	7,8	2
1	2
10,8	0
8	11	24
0,1	17,25	10,12
5,4	16
5	-1	8	9
0	5	12
5	5,32
1	2	4
2	9
2	20
1
3	2
2,0	34
1	2	6
1	3,14	11
12	2	5
0,1	1,21	-1	2
0,7	2,1	2
13	3	3,13
1	2
1	2
46	7	46
1	1	2
4,2	6
11	3
15	2,21	21,5
1	2
0	14
1	2,32
1	16,12
1,0	16,2
1	2
11,0	18,4	18,0	10,18
-1	0,2	-1
2	18	17,3
0	2	3,1
7	3	8
3	2
1	2
4,5
0	1	2	3
1	2,15
1	2,13
1	6,5
1	2
2,4	2	1
10	22,20	2
2,7	2
14,9	14,20
1	3	9
0,1
3,0	5	8
1	2
1	2	10
0	2	7,5
2
1	2,18	8
1	2
2,29	20,15
0,19	10,52	15
1	0	7
4	5
3	6,4
4	8	1
19	7	2
1	16
1	2
6,7	3
0	1
-1	0	1	2
2	0,20
1	3
11,0	2
2	7	9
3	1	5
0	1,18	10
0	1
3	2
1	2
1	2
1,3	2
10,2	13,12
1	2
2	0	4
2	3
1,26	14
1	2
4	11,10
0	2
5	6
1	2
1	2
1	2
1	13,12
10	2,10	4
1	2
8	13,12
1	4
1	2,4
1	8,2	2
3	4,1
1	7	7,16
1,16	2	3
1	1
8,1	5	6
1	2	9
12	3
5	11
0	7
2	17,13
5	13	6
5,8	1
2	4
2	3	3
26	5
1	2
1	0,46
1	2
4	17	24
6	7,13
1	2
3	5
3	10,0	18
4	15	11
1,2
2	1,7	2
1	7,2
1	2
3	4
1,28	3
1	4	8,11
3,4	5,6
1
1	11,21	10
2,30	3
2,9	2	28
1,4	4,2
1	22,8
8	8	2
1	24,27
14,3	6,13
0,1	2
1	-1
1	2
3	6	3
4,0	2
1,0	2	3
0	7,8
1,0	0
4,15	6	14
1	2
1	2
1	7
9	10,2
4	18	6
1	2
7,0	4
0	3
3	2
0	2
4,3	5
2	11
2	1
1	1	1	2
5,30	15,8
2	3	4
0	7
3,0	4
2	23,19
1	23
3,0	0	2,40
5,4	6
2,1	3	11
1	2
0	2
1,0	1,0
1	2	3
27,24	2,48	26,21
10,11	18,16
-1	7	0	8
2,0	5	6
2	4
4	2
1	2
1	14	3
0	28	11,1	10
1	7,2
1	2
2	5
4	5
1	2	5	5
4	4	1,2
1	1,0
1,0	3,2	11
1	2
0,14	1,2	14
1	2
1,39	2
1	2
1	3
1	1
1	2
2	3,4
0	2
3	2,1	-1
-1	4,31	16	4
1	8,0
1	2
0	3	19	1,11
1	14	4,24
1	12
1	3
2,15	10
2	4
0,1	7	25
1	3
1,2	0,8
1	2
2	2	2
1	9	3
1	4
0	2
5,6
4	5
1	13,0
0,4	8
4	4	4
1,0	12
1,10	2	2
64,1	1,8	8
3	3	1,5	2	7,3
1	2
1	2	2
1	2
12	4,1
4	13	12
1	14	12
2	4,3
3,1	19
1	2
2	3	4
27,14	2
6	8,17
4	2	15
1	5
2	1
3	41,10	5,8
7	10	11
1	2	27,1
1,16	30
9
1,10	9
4	6	7
2	3
1	2
1	2	3
3	9	23
2	2
12,15	11
3,2	7
1	3,2	4
2	3
4,1	2
10,5	9,1
3,1	8	29
1	2
4	5,6
1	0	8
3,2	2
5	7	11	17,0
1	2
-1	2	2
4	5,4
6	4,12
8	0	15,13
2	13	2,13
1	-1	1,2
1,2	23	5
6,0	3	3
3	15	13
17,3	18,7
5	6	7
2	10
10	9,22	8
1,10
1,18	5
1,32	27	2
1	19
1	2
0	3	13
1,14	3,25
7
2,3	4,5
7	4	4	24
0	2
-1	5	6,1
1	2	3
4	11	12	13
0	3
0	1,6
4	5,11	18
1	2
2
1,29	18	21,1
5	14,24	1
2,4	11
0	6
2	3,6
1,0
1	1	5,13
3	5
0,3	1
1	2
11	28,12	1
1	2,3
2	19
0	28,16	51
2	0,14
3	2	17
-1	-1	13,8
1	4
6,5	7
7	8	5
3	2	7
2	3	4
1,4	7
1	1
1	2	3
17	2
1	2
0	2	12
5	1	2
3	4	7,24
7	7,14	1
1,3	11
1	2	8
3	7	2
3,16	21,58
2	8
2	4,16
1,8	0,1	2
14	2,11
1	10	11
3	4	6
0	2	13
0	1
13	3	2
0	3	9
1	2,16
8	5	2,74
2	4	5
1	2,18
1	2	7
4	8	2,9
1	10
0,53	4
1	2	6
6,7	9
2,5	3
1,0	2
1	5,14	9
0,1	7,0
2,30	2
1,26	1,3	8	5
2	4,7
2	7,4
0	1	2
2	12
4,1	7,2	10
1	2
1	2
1	6	0
2	20
2	5
1	11,14	21
12	19
1	2
2,1
1	9,1	4,5
1	13	20,11
1,6	1
3,1	2
18	2,3	20,39
2	3
1	2
1	6
1,18	23,14
5,4
1	-1
1	1	9,7
1	2	9
5,14	5,33
5,11	5,12
1	2
11,1	19
0,10	1,2	15
1,2	7
1	10
4,5	1	18
18,14	12	15
1,20	3
1	16,3
1	2
1	2
2	10
17	2	-1	9
26,20	25,0	-1
1	2,12
2,20	2	17
3,5	1	7
11,4	2	6
5,33	4
1	2
1	2
1,2	3
1	2
1	2
2	10
14	15,11
13	3
2,4	1	12,17
2,1	2,5
24	3
1	2
4	18,6	5
6	7	13
5,4
3	1	3
1	2
1	1	2	2
1	9,35	16
1	2
5	2
0	12,13	14,5
9,2	11,16
2	3,15
0	2,18
1	3
1	2
17	1,2
2	3	4
0,5	2
1	2
1	6,16
0,3	-1	5,4
1	1	2
4	19	2
3	0	2,6
1	4
1	4
0	4
1	2
3,10	3,11
3	9,1
3	8	20
1,0	3
1	9
1	2
0	14,19	23
1,0	3
16	2
1	2
2	4	8
1	2
2	6,7
1	2
5,1	2
2	25,23	15
1	4	5
0	2,14	14
3	9,3	1
1	2	5
2,0	12,11
2,27	7,5	-1
5,6	1	13,6
19,46	7	30
1	6,5
0	1	2
13,5	2,5
16	5
4	7,15
1	0
6	2
1	9,11
1	17
0,4	19,2
1	4	6
1	21
0	1	2
4,3	9
1	2	18,12
3,4	11	37
7,23	3
0	1	2
0,12	24
0	11
0	2
3,20	13
1,5	6
0	6
1	2	5
1,4	5,2
8	3
1	2	3
0	8
1	2	6,7
1	1,10	9
5,0	8
1,0	0	2	15
1	2
1,0	3
1	2
55,52	2,61	8
1,0	1	1
4	7	16,18
3	2
3	2
12	12,5	11
0,14	3	23,13	12
1,3	2,1
2,24	4,21
4,2	2	6
2	2	8
0,2	4,2
1	4	0
1	2
21,4	5,0
1
11,0	4,10
3,8	4	4,22	-1
1	2	9
1	2
2	3
0	1	2
5	5	7,6
1	5
2,0	25	1
1,7	6,2
1	18,27	5,27
4,1	2,7	0,17
1	2	10
4,5	14	6
4	7
5,32	22	33,17
0,1	5,8
5	8
4,5	6
1,2	10	-1
1	3
4,2
1	2
0	1
3	5
1	2
3	26,1	21,8
4,3	5
0,1	19,6
4	10,14
2	22,2
3	4	5
2	3,21
3	1	21
2	3
3,1	5,2
2,6	3
2	3	15,17	5
5,6	5,11
1	2
1	9,0	16,19	28
1	2,1	6
1	-1	2
1	20
1	2	2
3,11
4,16	14,34	38,11
2	3
1	2	16
3	2
9,19	5	11
2,41	11,7
1,11	3
1	2
1	9
4,3	23	12
3	6
2	7
1	1	4
0	1	2
1	3	3	12
2	3
1	11	11
4,3
3	-1	3,5
2,20	3
1	2
2,1	13
1	2
4,5	7	10
12,0	9	7
2	6
3	9
22,27	10	6,0
1	2	3	3
5	11	2
2
1
1	2
3	16	7
1	1
4	2
1	2
2,20	3
0,1	1	2
19,11	3
6	1	3
1,0	12,13
4	2,10
2	3
8,2	1
1	2	21
1	1	3	4
2	3
0	1
2	8
6	3	9,4
1	2
2	4
1	2
2,16	11
0	0	1	2
1	2	6
1	11,12
7	9	8,18
11	12
5	1
0,47	10
2	6
1	2	2
2	3
4,2	2
1	2	2
13	1,21	4	5
1,4	4	2
28	11,5	28
10	6,17
1,17	2	2
6	12,13
2,1
1	1	10
7	18	16
1	2
1	9
1	1,2	10
1	-1
2	7
1	3	4
2,26	7	9
1	2,5	15,7	11
2	20
1,0	9	12
4	4	8
4	12	12
5,1	7,2	12,6
1	8	3
1	2
0	1	2
1	2
26,24	23,6	1,9
17,0	1	5,6
1,0	9
2	3
2	3
1	2	5
1	1	2
0	1	2
1
1,46	2	3
1	3
0,1	3,17	10,1	4
2,0	3
2	4,5
1,9	3	9
1	2
1	4
1	3	5
3	1
1	1	7
7	8
4,3	2,8
6	6	9
1,11	21,18	2
0	2,6
0	0	2
9	2
0	2	3
0	5	2
1	2
6	3
1	2
4	12	4,5
5	9,8
8,3	14
13,3	1,4	3
2	2	6
1
14,13	3
1	2
1	10
3	2,10
2	4
2,0	1
0	1	2
1	5,6
1	10
2	3
25,21	1	2
1,0	4	18
1	2
4	4	18,5
1	2	3
1	2	3	3
3	4
1	2,3	5
3	30	12
2	25,28	4
4,1	4,2	6
1	1	17,10
29,0	15	11
2	3	9
3,9	2
1	4	2	2	2	-1
2	9
3,13	5,14
4	30
2	12
3	8
1,12	2
0,23	0
1	2	12
1	2,1	4
-1	10,47	27	10
1	2,1	9,45
3	21,1	3	0
-1	0
1	2
1	3
2	3
1	1	1
0,4	2,3	4,8
1	2
38,33	3	-1
0,1	2
1	2	3
27	2	14,44	25,22
0,1	5
2	7	8
4,6	11,26
1,0	2,1	7
2	4	5
1	8
0	5	1
6	7
4,9	5
2	0
9	1,9
0	2	7
1	2
1,21	21,6	12
-1	-1	6,2	10
1	2
16	6	11
1	-1	2
0	3
5,3	12
1	2
2	11
0	8	11,24
6,2	16	7
2	0	5
4	5	3
2	17,13	17,2
3	4
0	1
1	20,4	7,18
2	5
8
1	2	3
0	8	10
10,20	6
1	2
1	1	7	7
3	2	20,4
3,4	12,3
13	12
0	8	33,9
1,5	1
0	1
1	2	3
1	2
2,1	21
3	2
4	18	14
1	2
7,3	18
0	1,5
1	-1	1	2	3	-1	1
-1	-1	42,2
1	2
1	4
0	6,13
2	2
1	4
1	1	2
2	7
9	1	17	14
1	2
2	5
1	3
0	1
17	2
2	5
9	14
12	2
4	10
1	2,6
0,1	22,4
2,7	6,24
1	2	20
1	3
1	12
1	25,2	3
1	7	15,29
2	1
1	2
9,1	5	13
1	6,12	16,15
1	2
1	9	21,15
1	3,12
1	2,3	7
2,1	19,18
-1	0	-1	0	-1
2	7
3	13
1	2
4	7
2	6	16,8
2	3
1	1	2
4,3	14	8
12,10	12
13,0	0	18
2	3
0	2	6
1	2	2
2,17	15,17
10	19
1	3	17
5	3,6	2,10	15,48
1	1
1	2
7	2
19,18	2	16
1,12	4
1	2
2	3
2	4
0,4	1	12
1	2
3,4	5	5
1	2	13
1	2
2	2,20	4
2	9	10
1	2
2,1	5,18	21
1	2	2
16	7,46	3
1	-1	-1	2
1,5	15,3
2	3
4	4
1
2	3
18	1,6	19,4
1,11	2
1,4	4
1	10
4	2,4
2	2	3,7
1	2	9
1	8,18	9
1	4
1	2	16
3,0	14
1	2
0,30	12	5
4	7
1	12
4	5
1,21	3,0	15
1,11	0,4
10	3
16	21	9
1,48	2
3	51
1	2	9,4
4	7	8
6	2
1	3
1,54	2	22,32
4	2
0	1	2
3	7,6	26,46
1	2
0	1	1
2	6
6	3
8,1	2
3	2,12	13
2,1	3,15
1	10
0	1	6
1	2
1	2	3
0	2	3
1	10
0,5
-1	0	2
0,16	2,3
1	2
1	2,0
9	0	22
1,9	0,3	-1	17,18
1,9	9	7
3	4,8	3
1	2
4	1	1
1,5	4
1	5	9
7,1	2	6
0,1	2	1,8
3	4	7
2	3
1	3
1	3
1	2	9
4,1	1	5
1	1	1
2,22	13,6
1	4
5,6	16
1	2	6
0	2	6
1	2
12,3	4,0	0
1
2,3	1
6,16	0
1	0	3
1,9	6
1	2
8	16,20	3
0	1,2
16,8	1
1	16
1	1	2
5	2
4,56	8
1	2
0	22	9
2,26	19,0	21
4	3
6	14
1	2,1
1	1	2
1	2
3	3,2	4,5
1	4
1	2
1,0	8
2	10
0	-1	2,15	5
4	16
1	2
2,3	5
0	3
1	6
5,10	10
1	3
3	0
1	6
1,5	2
5
3,15
5	31
4	17,9	3
1,0	1
3,1
9,0	3,18
3	13,11	6
1	2
0	1	7
0,14	11,35	9,8
0	2
1
17	5	6
4	0,10
4,17	4,17
0	2
1,0	16,1
1	2	6
1,15	15
0,5	3,28
4,1	13
2,0	9
13	5	6
6,7
0	-1	2
0	12,13
1	0
0,5	3,7
5	6
2	0	3
1	7
4	1,8
2,15	7
1,25	1
0	11
2	18
6,29	1,21	0,20
1	2
3	3	3
12	3
1	2
6	7,0
10,1	1
13	18	8
4	6,1
9,4	4,5	3
4,3	4	10
3	2
2	5,6
0,11	3
6,2	9	17
6,5
1	0	3,9	14
5,3	13	11,23
1	2
1
1	2	3
12	2,1
2	9,8
3,1	3
1	2	5
15	14	16
3	6	11
5	5	6
1	-1	-1	22
0	3	7
1	5
3	1
1	29	11
2	3,15
0	1	3	4
7	2
4	32	2
11	11,26
5,6
0	12,11
3	4,0	11
2	3	1
1	6	12,14
0	5	34,27
1	2	7
0	9
5,12	1,25
1	1	3
1	21
5	7	-1
1	2
19,7	6,3	14	-1
3	6
6,10	0
2	3
1	2
5	5	17
2	4
1	2	3
15,0	17,20
1	2	3
3	4
1,4	2
2	3
2	4
0	0,1	5
22	0	1	2
1	2
9,8	3	5
1	2
1,36	2	4
1	2
-1	4	4	2,15
0	1
1	2
2	3
18	1,2	8
1	16
4	5
1,15	3
8,0	16
1	2
2	4
3,4	9,3	10,21
2	3
1	3
5	2	-1
1,44	2
2	6	2,7
-1	1	2
1,31	7
1	2
-1	2	1
1	2
6	7,4
21,2	5
1	2
12,25	18,1	11
5,4	7,13
1	12	6,5
12,21	2
6	2	9
0	16
1	2
7	5
0,16	10,7
1	2
1,24	0	4
0,1	1
4	17,7
1	2	4,13
1	3	4
0	2,0
1	3
2,9	26
1	9
1	2
1	2	3
2	8
12	2	3
1	2	3,5
1	2
12	2	12	12	3,11
0	8
6,4	7
2	1,7
5,2	2	22,20
1	9,10
2,28	26
2,11	5
9,5	1,2	21
0,18	24,2	16
1	3
2,1	4
1	2
3	2
24,55	9
0	2	19
0	1	2
4,5
1	0	2
1	2,0
7
5	11
5,4	21,2
2	4
1	1	8
1,9	9	1,6
7,1	5	13,5
8	13
3	18	17
0,17	10
0	2	4
3,5	11,3
1	2,3
1,2	5
60	44,46	17,11
2	7
0,4	2
0	1
20,23	20	-1
2	7,23	7
4	5	8,2
1,8	21,8
3,5
4	9	4
1	-1
7	12
1	2
1	2
1	8
2	3
2	54,5
3	1	7
1	2	5
9	3	3
1	12,22	4,3
1	3	1
5	7	9
2	2	7
15,1	4
1	6,5
2	4
4,52	3
2	7	1,14
2,33	11	1
1	6
8,3	1	14,8
2	5	7
3	1	2
1,0	0
12,1	1,10	12
0	1
5,0	10	3
1,8	2
1	7	14
3	7,6
3	6
3,10	2,13	6
1	2
0	4
1	2	3
2	7
15	7
1,24	2	6
1	2,4	5	-1
1	2	7
1	2
5	5	5
1,2	1
3	20,18	6,19
4	13
1,2	3	2
1	2
1	16	15
1,6	9	36
23,1	4,1	4,49
1	1	2
2,1	6	5,9
1	8,7
1	6	2
1	0,9
-1	4,6
19	1,2	2,14
6	2	18
1	2	4
0	1,5
2,38	4
1,6	2	9,13
1	2
1	2
2	13
10	34,16
0,20	2
4	5
10	4	9
2	3,27
2	5	8
1	2
4	20	18,5
4	1
1,4	5	24
1	2
2	3	4	6
1	2
1	2
6	3	29,11
0	2	5
1,2
11	10,66	75,33
4	9
0,9	20
0	2
21	4
3	4,5
5,15	4
17	1
5	7
1	3
0	5	10
1	2
4	29	26
0,16	9,17
5	3
7	0
1	1	5
0	1
3	4
4	4	4	5
2	3	4
2	3	15
1,0	2	8
2,3	1	6
1	2
5,8	6
10	7	-1	-1	-1	-1
2,8	12
1	2
0	1
0	1	3
11,0	19,23
1,14	2	17,34
6,2	5,3
2	2,13
2	3
1	2
1	2	9
0	1,49
1	-1	2
2	20
1	9	5
0	2
4,24	5
10,12	1
1	2
1,11	9
5,6
3,7	20,21
1	5
3,4	2,60
1	2
1	2
1	2	12
1	2	8
3	3,2	20
12,2	3
1	1	17
2	3
2,1	3
1	2
1	5	8
3	2,8
2	5,18	-1	18
1	2	6
15,4	13,20	4,3
1	4	9,7
2,4	9,43	15
1
3,12	19	22
9,6	10
0	0	4	11
0	2
1	2
1	2	2
14,1	7
5,16	16
2	7
1	2
15	8
1	0
1	2
0,12	-1	0,14	4	0
6,2
1	2
1	2	9
1	2
1	30	11
1	3,0
1	2
1	2
1	0
2	2	3	7
1	2	7
1	2
1,3	27,9
2,6	2	1,5
8,37	36	9,33
6	21	18
1	2
1	2	5,35
4
1	3
1
0	1	2
4	5
1	2
1	12	3
2	6
2,11	2,48	40,23
1	3	-1	6
1,7	2
2	4
1
-1	2	2	3	-1	4
0	4,15	9
4	5,9
1	2
3	4,17
2	3	4
4,55	10
3	4	4
2	1	23,35
31	3,5	31
0,5	4	5,11
4,6	5
1,0	1
1	5
0	1	6
1	2	5
1	11,1
1	2,17
1,10	13
14,2	16,1
2	-1
1	12	5
1	3
2,5	5	10
6	9	12
0	26
0	2
1,12	2
2	0	2	15,9
1,13	2,4	1
6,17	2	16
2	-1	1
2,1	-1	11	0	23
1	2	0
1	0
14	14	26,20
17	5,2	-1
1	7	13
0	1	2
0	3
2,9	8	5
3	4,5
5,4	6
3	4
2,0	1
1	1,24	3
1	1	2	3
1,2	8
3	1
0	4	8
2
4	2
1	2
23	10
1,16	2	14
5,6	10,56
5	14	3
1,4	2	3,21
0,1	29,40
1	5
3	3
1,13	2
2	4,5
1	2
3,13	4	4
2,3	1
4	1,5
21,1	0,20
3	18	6,63
4	3
0	0,26	4
5	16
0,2	6,11
0,3	3,4
4	5
1	2
4,5	27
17	0	12,13	6
1	2
16	2	7
2,19	0	4
13,0	2	24,6
4	23	4,24
8	4
1	3	3
1	3,1
1	0,1	14,2
4	2	8
1	2
6	11	-1	50	20
4,14	1	4
0	10	9
1
1	2
1	11,13
7,1	6
17	4	12
0	3	2
0	12
18	2	3
1	2
4	4,23	5
4	17	9
2	9
4	-1	2
1,14	-1
2	5,11
8	0	2,0	5
4,13	4
1	6,13
39	1	31
16,1	2	4,1
1	18
11,25	12	21	0
14	2,1
2	3	6
1	2	2
1	3
8	17,10
8	29,37
2	3
1	7	13
3	3	5	7,8
2	21
3	3	12,2
1,10	1	-1
1	2
4	5
1	2	4
3,2	20	4
4,2	2	12
2	3	5,1
6	20,3
2,1	2,1	0,3
0	1
10,0	2
2,0	5
10,1	16
13	15
1	5
11	9,3	2
1	13
1	2
8	7	9
0	3,2	12,0
0,8	13,1	4
44,6	1
5	6	2
5	20	5
2	3	4
5,4	7	4
2	16
1,2	4
0,10	14,20
3	5	7
4,2
1	2
1	2
6	20	6	10
0,5	12	0,8
1	22
1	3	19
2	5
1	2
2	2,5	3	5
1	24
20,37	33	0
1	2,6	15,4
1,13	4,14
1	2
1	3
3	11,3	2
1	2	2
2	4
2	8	9
1	1
1	2
2	2	11
1	6
0,2	4	5
1
0	7	18
1	-1	7	16
1	5
1	2	2
0,7	6	7
2,3	7	8
1	2	5
5	12,21
10	0	11
2	10,9
5	3
1	2
3,1	2
1	1	2
3,11	4
2,34	17	18
1	14
1,0	2
0	2,13	5
1	2
2	1	0
1	2	-1
1	1	7	8
1	2
1	3
1	2
0	12,11	5
1	2
1	2,23
1	2
2	0
1	2
7	12
7	2
13,14	9
0	1
2	4
4	5	7
1	2
2,38	8,12
4	1	2
2	1
0,1	8
2	3
1	1	12
5	7,12	6,21	12,8
2,39	4
2	14,4	14
2	3
0	1,16	3
30	68	70
4,0	6,2
1	2
2,1	5	11,10
0	0
2	3
1	4	8
2,10	4	3
14,28	3
1
1	7
2	1	4
2	3
2	3
5,4	5,12
2,1	11,23
4	2
2	1
3	2
1	2,7
4
21	19
0	19,0	14,27
5	3	2
1,0	1
15,4	3,4	8
2	13	2	2
3	2	10
2
3	22,11	18
4	5
1	21	-1
0	3	8
8	2
1,16	16
10	6
7,3	2	30
15,44	-1	4,0
2,8	7,20
1,8	15,5
1
0	3	5
12	2	3
7	8	9	10
2	5,13	8
1	2,11
4,3	2	1
3	7,3	4
1	1
1	2
1	1	0,3
2	3
4,13	11
1,0	0,15	2,43
0	3	19,0
0	3
1	4	2
30,3	1
1	2
1	3	8	25
3	4	5
1	2
0,20	0
2	2	3
1	4,2	1,13
4	1
2	3	4
2	3
0	1	2
1,3	0,1
0	1
1
1,2	12,11
4,1	7,16
1	2
0	3
1	5
2	3	4
4	6,3
0,5	12	-1
1,10	1
15	5	15	6
0,1
1	2
2	6
0	1	2
4	2
1,16	1
0	1	2
2	15
20	20,5
3	4	5
1	2	2
1	10
2,10	14,15
13,3	1
1,52	1
0	0	2,0
1	2	3
1	2,4
0,15
1,26	-1	-1	33
2	5	11,1
10	10	10
3	2	4
0	5,3	9,3
4,1	7	7
2	3
1	7
1	2	20
1	5
14	18	13,26
1	5,11
1	5,3	11,17
2	4
10	10	15	6,22
1,56	2
1,22	2	11,10
4	5
2	2
1	2
1	2	5
3	6
1,0	4,3
3	4
1	8
13	14
14,1	14	0,3
3	13
2	2
2	3
0	2,13
0	5	12,26
12,2	5
-1	-1
5	4,32
12	0,2
7	6,7	14
4	2
2,17	5
4	7
35,1	19
2	4	6
8,24	1,0
1	2	14
2	3
1	2
12	5	2
3	2
1,0	3	2
9,4	4
7	1
1	2	6
4	7
2	8
1	10
1	15
6,9	28,19
4,5
0	17,23
6	4
1	2,9
4,1	2
0	1
-1	0	1	2
0	0	14
6,8	47,27	7
0	1
1,6	5,10	10,27
-1	0	1	2
1,0	4
2	5
4	5
1	2,34	3
0	18,41	4
4	12,20	13
0	1	2
2	6	7
1	0,5	5
3,14	8,15
34,0	2	31
2,21	20
0,1	4
1,0	2	2,17
1	2
16,12	18,2
1	11
8	4,13	8
6,9	9	13,9
0,1	33,14
1	2
1,3	2
2	3,5	4
1,60	2
-1	-1	-1
2	2
10	11
1
3	2,3
1,10	22,9
1	4
-1	9,1	30
2,32	-1
3	1,7
10	10	10
3,1	4,11
5,4	6,7
2	3
0,1	0	5
0	9,4
3,4	2
5	2
1	2
0	2
0	2
1	2
2,1	2	7,23
1	2
1	10
0	8,0	11
1	2
0,1	2	6
7	3,11
1,2	15,6
11,2	3	10
1,0	0,2
1	8
3	8	14
3	5
0	5	3
1	18,19	16
0	5
1	2	8
1	1	2
6	9	16
23,17	1	23,14
4	8,11
1	2
1	3
16,4	2	22
4	6,1
1	2
2	4	6
8,11	11,9	11
1	-1	2
1	8	7
6	30,6	3
3	1	12
1	2
5,6	6,4
1	2
2	3	4
1	-1	5
1	2
2	3	5
3	5
4	2	26,5
2,15	3,1
1,26	2
2	1
7,0	1,8	2
5	2	5
0	11
1	2
2	10	-1
1	2	2
1,5	5
1	7
2,1	3
1,12	4,37
4
2	3
17	1,5
1	3
1	1
1,0	2
3,1	2
1,15	4,19	5
4	15	16
0,1	2	3,26
21,18	7
1	8	14
10	3
2	3
1	2
3	1	2
9	16
1	2
1	3,2	2	-1
5	5,22	9,2
0,1
1	6,2	3
3	2	19
1	2,1	7
1,11	5
28,44	6,15	15,37
9	12,10
1	-1	4
1	1,0	3
1	2,17
3	2,1	2
1
3	0	7,6
4	0
4,1	2	9
3	1,0
20,3	9,14	13
3	11,10
5	3
3	3,23	1,13
1	2
0	2
16	-1	14
1	5,0
1,30	33,0
1	0
24,0	15
1	2
2	3
3,2
1	2
4	9
17	2	9
1	1	2
5,2	3,6	23
3	1,0	2
3,0	3
0,1	35	10
18,25	1
1	2	3
1	4
0	6,4	9
0	8
2	1	7
14,3	14,6	6
1	2,18
1,0	18
71,2	1,45	37,17	18,37
4	4	1
4	2
4	2
3	9,60
1	9,7
2	3
6,7	11
5	2
1	7
1	2
2	2	7
3	4
2	3
15,11	2,3	1
2	2	5,7
0	1
1	6,1
4	2
2	13	10
11	3,10	2,0
2,1	19,12
0,1	13,28	9
1	6
7,5	10,11
1	2
1	4
0	2	5,19
11	10
2	3	5,11
3,19	1	10
1	1	20,15
13	3	6
2,12	3,2
2	10,1	4
1	2
8	9
4	5,1	11,24
9,3	16	0
1,0	7	4
2	3
1	8,14	2
2	18,13	18
1	2
5,4	6
1	1	5
1,0	9	11,6
1	2
3	4
0	1
6	4
1	4
3,2	8,25
1	10,0
10,4	12
1	2	8
0	2	1
0	2	7
5,0	6,0	25
1,0	3
0	2
1	0	19
1	2
0	2	3
1	3,2	3
0	3	8
1	2
1
2
4	6	6
4,5	2
1	14	0
2	4
3	2	12
3	11
1	2
1	8	11
0	2
1	13
0	0,1	2
7	12	12
0	2
1	2
1,2	12
19	31	83,7
1	2
0,5	9
4	9
5	6	9
16,2	2,16	-1
4	2
2,16	4
1	2
3	9,15
1	2
4	0	4
2	3
4	16
1	21
2	3	4
0	0	5
11,9	4,2	9
1	15,2	7
1	12	3
1,2	18	2
2	3
13	6,8	5,15
1	2,4
1	2	2
2	4
0	2
2	3
4	6
1	18,3
1,0	2
4,6	7,6
3	0
16	35,15
0,3	5
0,3	1	2
2	17,6
-1	0,1	1	2
1	2	3
5	8	27
1	2	3	6
14,3	13,3
4	12,17
1	8
1,44	2
4	1	-1
3	0
5,35	5	9,28
3	1	5
6,4	11
1	2	6
0,7	1	12,10
1	2
1	1	6
2	1	14,4
1	12	1,7
2,3	3
1	1	6	4	4	5
2,25	5,7
2	4
1	3
5	10
1	2	2	2	1
4	8
1	30	6,9
13,8	0	1
2	3
5,13	2,13	3
1,0	9	3
1,2	8
0	4
1	6,19
0	17	11
1	2
4	2,4
3	2
2,3	-1
6	1	3
2,3	7	-1	10,14
1	2	2
0,1	11,1
11	6
0	1	2
12	-1	1
6	30,36	5	36,30	18
1	2
1	2
1,0	4,0
6,3	20	9
4	3,9
4	3	7
1	5	8
1	20,19
0	10	6
2	8
3	0
3	9
2	11	18
1,4	2	5
1	2
2
28	48,28	48,11
9,8	12
2	3	6
1,4	5
4	15
0	1	15
6,4	7	13
3	2,7
0	2
0	3
6	6,46
4	2	13
2	4
2	20
2	15
1	2	5
1	5
4,7	5
3	2
4	1
3	0	13
2,6	6
1	2
4,3
1	2	2
1	7
7,4	2
0	15,23
1	3	2
3	2	2
3,6	5	5
4,3	2
1	6
0	1	2
1,18	2
1	1
1,0	6,2
1,12	1,10	1
4	5,14	1
3	1
0	1
10,1	9
1
1	12	16
7,14	14
6,7	12,14
0	4,23
1	2	2
1	2	14
1	2
1
1	2
2,0	1
1	5
14	20	55,27
2	11,7
1	2
0,11	6
1	0,22
6	13	8,29
0,13	2
4	3
1	2	8,29
0,20	2
7	10,6	8
0,1	2
3,4
0	2,31
0,1	2
2	6
6	5
1	2
1,0	5
4	2,1
0	2
7,0	10
5	16
1,23	3
1	5,20	33	5
1	2	3
1	2
12	14,11
4	0
1	1
3	10,7
1	2
1,5	11
1	2
1	2
1	14,15
7
1	2	8,2
0	1
0	2,14
2,7	2,7
0	1
5	11,8
1,7	7,15
1	9,8
1	16
7,11	2	10,6
1	4,13	10
3,0	2
21	7
0,13	45,2	28
2	5,3
2	0
4	4	5
19,15	9
5	1
9	0
1,4	2,15
1	6
1,0	5,4	3
14	5
1	3	9
3,4	10
0,1	0
0,25	12	9,35	13,33	1,24
12	12
0	2	10
4	4,13
3	8
0	1
1	2
10,11	13
2	7	2,0
1	2
4	13,11
4	15,13	8,6
1	6
2,0	8
1,4	1,2
1	2
3	4,7
8	10	29
2	3
0	0	1
2	7
39,1	2
20,7	7	4
0	2	9
7	27	28
4	17	0
0	2
1
1	2
1,0	2
10	0	2,5
1,0	15,2	9
7	3,13	27,22
1	5
11	12,4	4
1	2
1,10	1,0	7
2	18
2	16
4,5	11
0	1	2
1,4
1	2
2	14
1	1	2
1	2
4,3	0,1
1	29	10
1	10,2
1	1	2	9
1	2
2	3	4
1	2
3	4
6,16	3,15
12,3	4
12,3	30	30	5,12
1,0	2	12,19
1	2	3
1	2
2,27	3	6	6
5,2	6	6,4
1	2
1	2
0	1	6
1	2
0,4	2
12,27	1
0	1
6,15	1
1	25,1	25
1	2
18,4	1
6,7	0	2,28
1	11
1	2
4	2,13
2	8
1	2
2	-1	2	3
1,0	19,36	0,23	19
0	0	4
5,13	2
2	4
2,1	6,43	18
4	9,10
8	12	4	7,2
1,14	5	2
2	3,4
12,0	2
2	5	4
9	10
1	5	7
2,5	9	5
1	-1
10,27	0
1,2	18,10
37	-1	-1
0	3	5
1
7,6	8
4	2
1	2
9,13	5
2	3
4	6
9	7,18	4
3	0,29
0	2	14
14,8	15,16
4,2	6
39,3	30,1	19	33
1,19	2
0	4
1	9	9
1	3
1	2	9
0	1
1,0	11,15
8,10	0	0
1	2
18	13,4
1,0	7,9
0	6
11,1	2	11,1
3	2
2	8
3	3,5	11
2	3	12
0	1
1	2	2
2,1	3	8
4
13,1	2,9	6
1	12	1
0	1	19
1	2
4,1	10
6,4	1
1	2	13
13,4	6
2	3
1	23	6
4	8
2,12	2,1
8	1
1	2	7
3	4
2,4	7
0,1	2
0,25	2
0,1	17
2,5	4
3,5	7
6	3	3
1	9,4	3,12
-1	-1	1	2	11
1	2
-1	3	4
1	9,10
1	2
40,16	14	13,28
4,17	3
1	8
4,0	19
3	4,5
5	10
7	23
1	2	11
1	2	4
2	3	5
0	5	5
2,18	3
17,37	30,9	3
2	4	14
7	1
1,2	5,4
9	10
3	3	12,11	7
50,60	19,3	7
16	5,10
2	4	5
2	3	4
2	4
1	1,0	2
2	3,7	4
3,1	8
1	1	2
2	5
2	3	4
17,1	3
0	1
1	2
2	3,7
6	10	2
1	2	6
1	16	5
3	-1	9
14	15	11
2	7,5
3	9,10
10	21,3
1	1
1
2	2
1	2	2
1	13	12
1	16
7,2	9	4,9
1	2	7,6
3,18	4
1
2	3
13	6
23,0	25,33	26
2	15
1	6	4
3	4
5	14	15
19	7,3	6
5	10	4,5
2	3	15
1	2,3
15	22
1	2
1,47	21,0
5	11
1
5	6
1	2
1	2
1	5
3	7,4
0	1	2
1,4	2
4	1,18
1,18	13	4
1	2	11
0	12
2	2	13
9	2	1
2,5	3
1	11	6
-1	-1
10	25	9
1,0	2
4,5	8,9
11,5	11,14	0,19
3
1,9	2	6,2
1	2	29
1,2	15
1	8	9
8,18	6
1	6	10
0	1,10
13	23	15
0,15	5	6
1	13,23	28
5	16,11
2,1	5
1	8
6	6
7	5	1	8
13,2	5	8,7
1	8
0,27	1
2	3
1	2
1	2
14	12,2
2	3	14
4,1	9,12
26	1	2
1	2	2
15,0	0
48,23	37,50
2,0
13,14
3,8	6,2
0,8	5,15	2
0,8	2	1,41
5	4	25,24
1,0	6,21
-1	-1	-1	-1
1,2	10
6,5	8
1,0	2
8	2
8	1,0	14
5	2
2	7	8
5,4	23
18	0,4	6
9	-1	-1
0	2
1	2
25	1
6
8,6	27
4	3
2
5,21	6
5	6	8,23
1	2
0	20	8
1	2
1	2	3
17	1	2
1	2
6,20	34,4
2	9
1	2
0	1	3	11
2	4
31,30	1,27	4
1	3
6,4	5
10	12,2
2,0	16	7
5	2,6	4
17,7	3
1	2	7
4,6	11,6
3	11
2	3,9
6	3	8
1	2	6
1	2
0	8
4,6	13
3	3
0	1	2	2
1	2	6
1	3,1	0
2	3
5	2	3
2,1	3
1,8	2,14	4
1	7,3	2,7
1	2,12
0,7	2	3
5,0	0	8,9
1	13
12	22	5
0	3
4,2	8,14
1,2	4	10
1	13
2	4
14,3	21
6	17
0	1	3
2	21,8	4
0	14	1
1	7,1
1	2
4	1	2
1	4,2
2	17
0,41	2	-1
2	3	4
15,2	2,16
1	2	3
2,46	6
0	4	7
60,8	2
4	4	-1	6,5
4	6
5	1,6
1	2
0	6
1	33,3
2,1	3	4
2	3
4,13	4	9
1	2	10
2	1	2,3
1	2
3	28,2
11,1	13,0	13
4	14
1,4	10
0,18	4,0	1
12	3,6	9
1,19	4
6,4	2
1,0	12	1,12
1	2
13	3
7	3,6	20
1,9	13,19	22
1,2	6	3
1,2	4
3,0	5
0	3	17
9,16	8,28
3	1	7,14
2	5
0,1	12,5	21,19
5	5	6
2	3	4,23	26
4,1	2
1	2	7
4	-1	18
1	9,17
0	2
3,42	23	1,3
1	0,15	0
1	2
2	3	6
1,4	9
2	4,11
1	2	3
1	2
1,13
1,0	5
2	1	6
0	1,9
0	7	6
14	2
1,0	0	2
-1	-1
2	4
0	3,19	25
2	6	6
1	2,0	3
2	-1
2	15,16
1	4	2
1	2	5
1	2
2,0	4
0	1,50
0	3
6,1	2	3
0	2
1	3
3	9
2	13
1	2,0
0	6,5	3
0	2
1	2
17	17,3	1
3	2
0	1	2
1,7	3
20,17	23	4	-1
6	0,2	6
1,3	3	3
1	20,22
4,1	2	2
1,17	13,2
0	5	6
1	2	10
9,4	2,24	8,9
0	17,5
1,24	14	24
2	6,1	7,16
0	1	3
4	13,11	1,12
1	3
10,21	4,11	13
2	3	4
1	2
3	4
1	2
2,4	2	6
2	3
15	11
3	3	4
4	4	11
13	1,13
1	3	2
1	2
1	2
9,1	3	3
0	10,7
-1	4,6
1	11,28
2	4
7	8
1
1	2	5
3	7
2	3
5	7,22	2	-1
2	3	5
3	15	17
1,19	6	57,20
3	4
-1	1,0	3
5	8,21
1	2
2	1	4
1	2
12,1	4
16	29	1
2	5
1,15	2	3
0	1,6	2
1	2	1
1	2	8
2,5	13,14	39
1	2
12,7	18,1	16
45	8,14
1	2	3
0,50	2,13
4,1	11
1	2	3
10,1	14
14,3	12
1	2
11	3	7
0	5,18
1,0
5	1
3	3,9
1	12
1	6,11	19
1	14	9
1	18
2,3
2	14
11	7
3	2
0	2,1
2,25	2
1	2	2	12
1	2
4	0	14
1	2	3	4
2	11	2
3	4
2	19
1	6,7
13,9	14,9
2	16,0
2	4
3	2	11
5,1
1	2	19
1	2
38,41	55,72
4	2	10
7	1	0
1	15	7
2	1
1	3,11
3	-1	6,3
0	3
12	1	1	10
2	0,6
1	1,12	15,26
2	4,33
0	1
1,0	27	27
0	8
8,5	6,24	7,8
1	2
1	2,3
1	2
1	2
7	10
1	2
1	2
1	2
0	1	2	-1	-1	2	4
0,8	17
1	2
1	1
8	7
3	2
0	3	9
3	1
0	2
1	2
1	3	0,12
25,8	33,13
16	17	2	1
4,1	16
2	6	23
3	5
7	7
1	3
0	-1	12	2
2,3	3,10	10
1	9
-1	0	2,0
1	2	5
3	4
-1	12,2	9,14
1,0	2
17,5	15	2,16
6	1,0	2
1,0	4	7	10
6	28,0	10,13
1	2
1	2	3
1	3,5
13	14
1	0
1	2
1	2
2	3	4
1	2,1
9	4	9,17
2	2	3
4	15
2	2	0,1
2	3	5
10	3	2,5
1	2
19,18	5	6
13	0	3,9
26	26,17	2
1	2
1	2
2	4
1,6	2
1	2
4,1	7	8
11,5	5,0	6
7	2,54	55
1	2,5
6	0
3,2
-1	-1	-1
0	13
0	2,5
1	17
15	14
6	7
20	6	8
4,5	6
1	2,3
0	7	9
1,13	3,0
1	2	3
16	9	20,7	9
3	1,6
2	7,3
12	16,17
3,7	2,0
2	1	4
14	0	7
2,4	0	35
21,2	2,1
13	5
4	5,4	6
0,2	4
1	2	17
1	3	4,3
1	2
10,17	8,7
1	5,15
0	1	3
1	2
1	3
1	6,18	2
1	2
8,51	9
1	2
14	15	21
2	3	5,15
1,2	5,4
1	2
3,26	7,22
1	2
0	1	2
9	3
0	7	15
1	2	9,8
0	1	2
14,13	15	1	14
3	4	4
1	12	1
8,9	16
4	5
5	8
2,8	4
45,13	75,29	32,75
6	5
1	2	3
3,41	1,18	4
1	2
1	3	3
1	1	7
3	4	4
2,0	2
1	17
1	2
4	4,5	22
0	1	16
2,4	4,10
13
0	19,15
5,3	1	10
1,0	4,1
1	10,11
3,0	3,7	4
1	2
2,0	4
1	2,4	3,13
0,3	11
1	7
1	11,2	12
0	5
0,1	4,23
12,9	1	12
1	1,0
1,2	8	0
4	0	1	2
2	2,21	13
1	2
1	5,13
0	16
2	11,0
1	10
1	2,19
4,7	4	10
0	5
2,7	3
21	4	3	3	2
2,22	11
9	2,0
0	10,0	1
1,17	2	-1
6	9
1,2	4	12
0	3
2
1	2,6
4	5	7,6
3	3	2
0	2	4
0	3,23
1	2	2
0	4,8	7
1	2
6	2
0,43	10,44	22
0	1	2
1	2,4
1	3	5
4,5	10
4	1
0	1	5
3	15,5
8,1	2
1,0	1	0,2
2	4
0	0,5	20,14
4,25	19
2,1	3
2	5
1,10	2,23
1	14,0
5,2	2,9	10,8
1	3,0
1	2	28,44
1	2
0,12	1,26	2
0,4	4	10
1	4
1	2
5,3	9
5,4	13
2	7
1	2	7,8
1	2
4	2
8	3	4	2,33
5	2	14
4	3	3
24	13	2
4,5	49
2,4
1	2
1	2	3
1	2
1	2
2	14
1	2
1	2	2
0	6	5	5
1	18
1	2
1	3	2,0
1	2	3
3	2	4
1	5	2
4	5,6	7
13,3
15	9,16
5,25	14
1	2
1	2
5,6	7,9
1	5,2
0	2	16
1,20	5	0
3,1	7
1	2	2
1	8
2	5,14	6
1	2
1,0	3	4
3,10	6,4	8
9	2	3
1,29	1	7,29
0,2	4
1	5,8
1,3	2	15
0	11,15	1
1	2
1,8	1	2
1,4	1
3	16
0,1	2
1,10	2
0	2
0	18,23	2
7
1	-1
13,3	10	18
2	34,23	23
4	11,21
1,0	7	-1
1	3
0	2,20	4
3,23	18
1,19
13	8
2	3,37	20
1,12
5	14	4
13	10
2	3
10	2
4,15	-1	4	5
1,8	8,2
1	2	7
2	14,19
6,2	3	7,3
1	2,5
5,4	6,10
4	30	0	15
2	3
1	2	5
1,2	21,2	31
1	39	12
30	11,4	15,20
1	17	20,2
5,4	6
17,7	12
0	4	7
9,6	9
3,4	10	16
1	2,1
3	6
1	2,23	9
2	3	5
1	2
2	6
4,0	0,1
3	4
1	2
1	2	7
8	8,17
1	5
21,32	11	16,17
1	2
4	10	39
2	3
4	9	10
10	2
2	5,31
1	3	4
2	18	5	3
1	2
0,5	15,6
2,4	9
3,1	12,11
1	3	7	1,10
3,4	7
2,3	21,0	4,11
0	2	1
0	3	6
10	2	18
0	1
4	2	12	7
0	18	17
3	2	2
4,3	2	19
1	3
6	6	10,4
0	18,11	5
1	4,25	5
0,10	8	9
4,7	6
4,10	12
0	8,0	8
9	5,21
3	1	6
1	2	2	2	2	2	2
1	3
0	2
4	3,18
1,5	4
1	1
4	8,4
1	2
1	2	16
2	6	6
1	3
3	2
10,3	6,5
1	0
0	1	20
9	11
10	9,7	9
6	13,14
2	3	7
8	6
6	7
6	10,14
1,0	2
14,17	11
1	7	8
5
18	1,2	4
3	4
-1	1	29
0	10	3
12	3	7,5
3	4,5
1	2
6	5,10	6,4
2,24	2,17	24
0,1	6	4
0	16,1	13	13
0,9	8
1,0	8
2
2	14,1	2
2	3
1	1	2
6	6	3
0,2	3,17
0	3
1	5
0	2	15
1	2
1
8	2
1	2	2
2	3
4	6,5
1	2
1,8	23
1,3	8	18
14	10
1,6	11
1,28	3	4
0	7,0	0
2	6
14,10	11,4
1	2
10,4	0	2
56,36
20,1	27	8
3,4	4	6
16,30	16	20,9
1	9
3	14	16
3,14	0	6,12
1	2
36	10	35
2,12	2
2	3
2,4	15
0,1	2	2	8
3	6
2	23,11
1	1,10	0
9,4	2,3
1	2,5	12,2
3	4	16	6
0,18	15	5
1	8,34	5
5	6	4
1	2
1	2
11,1	3	0
10	9
6,10	5,10
2	3,21	4
0	1	5,4
1	11
4	5
4	2
1,21	0,45	3
2	3	6
0	30,2
3,1	18
12,1	9	1
1	2
1	11	10	16
1	7
9,1	22,6	9,1
1	2
1,46	39,5
2	-1
2,1	2,1
1	4
2
1	3
29,5	20,12	20
3	13	6
1	2	3
1	2
1,0	1	5
1	2
5,1	3,6
1	2
14,5	16
1	2
2	4
1	24	19
1	3	22
1	2
5	13
0	1	5
4,1	3
9	26,0	2
1	2
1,2	4,7
1	2
2	3
0	1	2
32	1	16
7	4	4
3	6	15
0	11	21	5
1	6,10	11
4	31,29	15,30
1	2	2
7	1	2
1	2	4
2	6
4	1	5
12	0
2	3	4
3,0	3,4
1	4	0
1	16,15
1	2
2	3,16
2,0	2	9
1	4	3
-1	3,9	4
2,3	6	19
11,10	19	19
1	1	2
4,1	5,8
1,4	10	7,4
4	1
1	2,0
0	6,7	18
0,6	18	19
1,8	6,22
1,24	2	5
14	4
0	1	1
1	2
2,34	6
0,7	0,16
1	19,4	5
2	3
1,10	17,13	3
1	3
1	-1	2
1	1
1	2
2,1	5,3
1	11
1,8	3	1
0	1
2	2
20,0	1,21	39
-1	-1
3	4	9
1	2
1	2
9	2
3	2	6
0	1
1,10	2
3	0,6
0	1	2,8	16
1	2
1	0,1	14
0,2	1
1,8	11,10
3	5
5	1	14
4	2	13
1	2
1	1,6	19,2
3	2	17
2	11
0	27	24
1	14
5	7	-1	-1
4,5	4	5,60
0	1	16
4	4	4
1	2
2	1
1,0	-1	0,1
0	1	6
2	4
2	2	4	0
1	3	4
1	2
3	2	10,9
1	2
1	2
1,0	5,12	2	1
0	1	5
2	13,12	6,13
2	-1	2	3
1	2
2	4
2	3
18,11	10	19
0,4	24	12	9,2
0	1
0	1	2
0,1	14	20
2,22	3
0	3
3,6	4
7	19	22
1	9
13	13,4	13
2,0	2
14,0	1
1	2
2	3
2	3
2,4
1	1	14
1	12
3	5	26
3	6
10	2
1	2
1,13	3
1,0	1
4	6,19
1	2,5
3	13
8,1	3
4	11
1	8,0
1	2	9
1	13	13
1	4,17	2
2
2	8
0,16	3,1	17,3
1,5	7
13	14	9,4
16,35	10,16
0	2
1,4	5,2
4	9,5
4	9
2	1,0
1	1	2
1	27	10
24,4	9
22	1,21
21	3	2
1	2	5	25
1,4	9	12
1	2
2	10
2	5
10	2,1
29	16	10,20
1	3
4,1	5,4	13
3,4	1
1	0	5
2	3	4
0,12	14,3	3
0	2
1,7	3,18
1,10	13
2	3
1	2	19
1	2
0	4
2,1	11
1	8	9
6	3,6
1	2
3	5,11
1	9
4	23	28
5	0
1,0	3,2
2	7
1	3
14	14	7
4	-1	5,34
0,2	28
0	14
4	0	13
5	3	9
0,16	9,16
6	2	1
0	2
1	2
1	2
1,4	2	34
1	2
-1	0	3	4
4	7,1
0	2,1
1	13	55
1	2
1	2
1,0	20,5	13
6,22	2
4	10,28
1	2
-1	19	2	2,18
1	1
2	6
4	5
9,8
2	13	1,4
1,2	4,1
1	1
13	21
1	2
5	1	2
5,51	16	16
10	2
3	3	5
0	2	3
1,0	4
6,5	1
3	4	2
2,1	14,0
1	2
13,11	14
1	1	2	11
2	3,4
1	2	4
1	13	2	4
12	12,4	2
0,17	1	8
3	2
4	8,15
-1	-1	-1
3	20	25
1	0,15	11,3
1	1	2	5
4,6	7
3	4
1	2
2,9	-1	-1	27
2,10	2,0	0,15
-1	1	1	4
0	2
2,1
2	8	10,15
0	2,3	3
1	10
9	11	9
1	2
15,5
3	9	4,21
1	2	10
4,1	7	4
2,3	-1
1,0
1	13
1	25	24	3
0	1	10,8
1,0	2	15
2	26,0
2,20	22,16
1	2,39
5,1	20
4	2
0	26	-1	3,15
0	5	10
2,29	7	1
1	19	7
1	1	12
20,1	13	5,6	15
4,3	13,8
17	2	2,17
1	2
1	2
0,31	8,31	31
20,1	7
1	3
1	1,2
2	2
1	5	6
2	3
1	2
0,2	4
4,5	6
1	9	3
1	3	16
2	4
1,10	5
1	2
1	2	4
0	1
1	2	3
4	5	5	7
5,4	24
1	4	2	2
5	13	3
1	2
3	5	0,7
4	8
0	24,2
0	6,8
2	2,7	15
5	12
3	8
1	8
15	21
1	2	4
2,0	5
0	2
1	4
1	2
5	12	-1
1	2
11	11,7	24,10
1,33	1,2	17
10	4	2
2	4
1	3	5
1	4,3	5
1	2	2
0,1	6,21
1,10	6,7
1	2
1	11,2
9	4	17
1	6,1
1,8	8,2	2
1,2	1	3,0
2	24	14
2	3	1
1	2	4
1	7,3
1	12,41
1	4	5
3	10	10
1	3
1,7	9
12,15	1	6
6	19,24
14,16	14,16	14,1
3	7
1,12	18
1	3
11	7,19
1	2
1	34	29
2	13,1	14,3
6	15
33	3
1	5
1	2
2	6	3
1	2
9	12
2	3
0,1
13	9,12
1,9	0	5
1,48	2
0,1	-1	1	2
0,16	22	5
3,4
1	2	1
1	19	5
4	8	12,11
1	8
1	3,2
6	8,9	-1	15
18	2	3	3
1	-1	3	15
3	2	11
5	5
5,29	2
1	3,15
4	2
1	2	5,3
15	10
1	2	4
1	2
1	2
2	3
1	2
4,7	43,35
0,1	1,0	3
4	2	7
2	5	1
1	3	13,10
2	3	5
3,1	8
1	2
4,26	12	8
5,3	1,19	4
1	3
14	15
5	3	9,15
1	2	1
0	3	11
0	2
1	2
2,17	8
3,4	7
1	2
2	3
2
8	1,0
1	2
5	7
1	36
1	6,2
5	7
9,66	5
2	6,3	5,1
1	2
1,0	2
1	45,39
2	8	8,2
13	13,59
0,34	2	8
4	2	9
5	2
0,17	2	1
3	44,11	24
5,3
2	6	0
1
1	2
1	2	3
1,0	2
3	2,4
6	4	9,11
3,2	2,4	9,5
2,1
20	2,10
3	8
0,1	10	10,17
12,5	5	2
1	3
1	0	4
4	5	11,4	15
2,4	8,9
15	2	5
0	2	3,0
4	2	2,10
2	3	4
0	2
2	14	24
10	3	7
1,24	5,6	21,24
21	21,19	15,28
2	7
10,24	3	5
1	5	2
16	2	20,15
1
1	2
3	2
1	2
1	6
6,1	5	11
1	2	2	2
1	3
1	2
20	6	7,20
2	3	4
1	5
1	2
1	2	17
1	3
1	2
10	17,19
4	7	7
4,17	7
1	2
4	9,8
1	2	15
2,1	10,22
1	6
1,0	3,20	22
9,0	3
1,16	7
0,15	7,6
3,0	4
0,1	4
0,28	15,1	13
1	2
3	2
1	2
1	9
1	2
1	2
1	1,5	14
2	-1	17	17
4	1	1
6	7	18
1	2	4
0	4,10
8	5
2	0
3,11	3,6	11
1	2
7	20	20,31
0	1	2
0	7
5,28	2
1	2
1	3
1	3
4,3	10
1	2
1	3
1	2	3
1	9	3
0,13	13
1,0	4
2	3
4	2	7	8
1	2	6
2	5	8,16
23	2	6
0,1	1,11
3	2
14	3	14
6	7
1	19
0,3	11
2	10,2
2	10
1	2
1	1
1,7	13	13,3
1	2
5,9	18,10
5	6
2,9	10
1,29	1	5,33
1	14	22
1	2
1,9	12,5
18,19	23,0	18
21	16,21	25
2	7	22
2	3
20	20,0
3
1	2
2	3
1,16	2
2,4
1	6
17	3,17	5
5	6	7
1	2	8
0	-1	2
1,17	8
1	2
1	2
1	2	10
0	1	2
1	2
1	2
2	3
1	2
15	6	9
19,6	0	8
1,44	11
1,8	7,2	10,18
1	2
15	2
5	7	4	11
7,1	2,5
29	4,9	22
14,3	-1
7	8
0	1
7,17	26	8,2
0	1
1	2
1,0	3,23
1	4,11	5
5	2
2	3	12
1	2
7,0	1	2
1	2	19
8,2	7,46	7,24
6,0	1,5	2
1	2
0,6	4	5
0	0	2
17,32	0,16	2
1	1	11
1	2
1,0	6,5	14
0	0,1	0,1
5,2	3
12,6	11	21
0,9	9,0
5	2	2,1
4	8	9
1	18	12
2	1	15,18
19	9
1	1
1	1	2
3,2	5,8
2	3
1	3
1	6	11
1	2
0	0	11
12,2	3	8
10,17	4	5
1	2	6
1	3	0
1	4
10,5	2,10	10
1	2	3
0	1,3	14,3
1	6,9	7
1	2
1,16	5,23
7	6
4	3
1	2
1	6
0,9	8,27
2	3
1	5
-1	78,31	58
1	8
5	15
2	3	4
3,1	8,3
0	18
2	4	1
3	2	12
1	2
12,2	0,12	2
5,6	0	14,18	14
1	2	0
67,47	23,24
7	5
0	5	29
1,9	1,17	20
10,0	4
4	5
8	18,1	19
4	0	11,0
3	4,5
4	19	2
2	3	4
3	5	7
1,14	17,3	21
0	1
29,4	5	6
1	1	2	3
0	6	3
10	16
2	7
1	2,12
0	1,27	2	2	-1
2	3	-1
22	22
1,17	13,1	1
0	2
1	3
1	0,13	4
5	9
1
8	1	10,22
1	1
5,6
0	3
5	8
2	6	8,9
0	1	2
3	14,13	21
1	2
16	10	20
1	5,23
13	2,6	6,0
1	2
-1	2,5
1
2	3
0	1	2	7
13,8	15,7	2
0,5	2
5,4
0	3,5	5
1	2
4,1	6,5	6,2
2,1	0,9
15,16	1	5,6
0	12,9
1,0	19
1	3
2	7,9	7,13
2,0	2,5
1	2	5,22
7,0	21,14
0	6	7
2	3
1	6	13
38	9	6
0,2	3	16
0	3,2
5,2	6	-1
1	3,30
13,4	2	12
1	12	4
1	3
8	4,39	11
1	10,2	4
1	2	3
2	5
1	2	8,9
1	6
1,6	6
3,14	10,9	29,17
5	2	8
1
2,22	25,22
2	15,1
4,1	7
7	6	24
0,13	18	18,2
1	3
16	20
9	15	4,3
32,42	19,30
0	1	3
1	2,26
2	5
4,1	18
1	2
1	1	2
1	4
3
1	2	4
1	2
1,68	2,3
5,7	0
1	2
1	0	0	0
1	1
1	2
2,19	3
1,2	26	19
0,21	4
0,8	5
1,5	13
2	0	1,0
2	3
2	12	4
2	5
14,13	-1	22
18,1	21,2
1	2
16	4
0	1	1	2
2,19	3
33,40	56,55
5,36	3
2	3
1	2	14
4,0	4
2	3
2	3
0	14	3
0	2	1,2
5	2,5	43,16
5	6	8
-1	4	2	3
2,15	2,17
4	5
5	6	15
16	1,13	2,8
3	4	6
4	2
1	2
1	2
7	14	13
5	2	26,0
1,16	0	8
4	11
2,0	1
0,1	11
5	3
9,0	2	12
7	11,1
12	14,20
1	2
4,17	17,1	31
1	19,16
1	17
1	2
3,2	13	13
0	5
1	2	8
1	1
1	13	13
0	6	10
1	6	11
11,18	1	8
1	2
6	2,4
7	16
1	2
4,8	20,12
1,12	5
1	2	9
2,4	4	18
1,20	9,8
5,7	1
1,0	3,1
1	2
0	3	4
0	3
1	2	3
1	3
-1	36	36
0	1
3	3
2	11	7
0	2
0	1
0,18	2,18	2
3	11
6,5
2	1,3
25	2	26
19	5	17
2	11
3	3	3
1,4	7
2	7
9,28	13	3
4	4	1
1	2
4	16	14
1	2
2	3	6,4
14,4	8
15	19
15,10	10	5
1	2	3
0	1
1	3
1	2	3
4,15	3	6,15
6,3	8
9	8
14	15,2	4	40,29
1	2,6	7
1	2
4,3	-1	11	14
1	5
10,0
1,8	0
0	1	3
0,8	7
2,8	7,1	10,28
2,1	1	6
4	1	2
1	2	9,0
1	2
8	9,3	7
1	1	2
0	9	13
1	2
5	7,6
0	2	4
0	3,1	17
10,11
0,1	5	-1
1,21	1,2	8
6,5	1	5
3	1	3
1	2
6	11,10
6	13	13
1	7,14
3	1
1	2
3	1	10
2	4
1	4
16,5	4
3	2
1	5	7
1	3
1	2
22	11,3	3
1	2
3,0	6	6
1,7	3
1,0	13,11
1	2	6
1	7
1	3
31	26	0
1,0	10	10
3	1
1	2	3
4	5
0	2	15
0	0	1	2
9	2
2	5,6
5,1	7,3
1	2
0	9	11
8	7
4,1	5	8
3,17	16,4
9	2
5	6
2	13
0	1	5
59,0	1,45	5,22	0
1,20	14	2
2,4	5,16
7,10	14	16,39
4	3,2
1	2
2,3	5
0,16	1
0	1,13
5	8	12,31
0	1
14	1	2
9,25	25
1	2	3
3	3
0,11	0
1	8
1	2
6	6	4,3
1	2	3
1	0
3	4	20
1	5,3	6
3,0	2	2
1	12,11	14
2,21	3
1	2	7
1,39	7,3
4	5,4	4
3	2	3
4	4	0
34	6	17,11
1,16	0,3	3
1	2	31
1	1	-1	2
1	2
1	12,11	12
24,1	2	10
1	6
8	3
2	19,2	2
0	1	2
1	2	8
8	3	7
1	2
1	2
1	2
4	1
1	2
4	2,6	5
1	7	18,20
1	1	2
3,4	6
-1	5	2	8
1	2	5,6
9	15,14
0	2	3
1	2,6	3
1,11	2,6
1	1	-1	-1	6
1	2	14
0,1	2
9	1
2	2	3,8
0,33	7	8
5,1	1	8,1
1	2
1,2	3	3
2,4	18,22
2	3
2	3
2	15	16
1	2
1	2	6
2	3
12,8	11	5,8
2	1
12,16	2,16
1	2
0	-1	5,6
3	4,5
3	7	4
1	11,24	3
3,15	20,8
17	5
4	2	8
8	9,8	13
1,20	3
0,8	2
50,24	4	9,20
1	7,6
12,13	2,4
1	1	2
6	7	11
3	13,5
2	4
1,8	1
4	4	9
2	11	4
1	2	1
3,0	12	9
1,7	10,7
1	2
2
7	2,3
19	1	5
47,0	57,53
10	1
0,1	9
8	9	6
14,16	10,1	14,26
3	7,0
1	2
4,7	8
1	2
5	5,6
0	0,2	6,8
0	4
2	3
4	7	9
27,4	-1
1	2
1	11
2,3	4,17
3	1	10
2,13	21	22,14
1	2
0	20,27	8
1,4	2
1	12	5
0
1	20	14
2,31	3
1	2
1,3	13,17	2
0,1	2	0
1	2	9
1	2
0,4	11	2
2,0	3
5,4	0,23
0	1
1,2	0
0	1	7
2	2
10,5	11
2	4
2,0	5	15
1	2	5
0	1	2
1	3
2	4
13,5	10,3
1
10	11,12
1	2
1	1	2
1	12	20
5,10	11	16
1,19	2
4	6
1	5	3
2,9
5,12	9,3	1,9
5	12
1	2
2	13
8	6
1	2	3
1	8
0	2	9
1	2	6
1	5,6
13,19	14,7
7	2
0	3	-1	7	8
4	2
1,14	2	5
24,39	18,24	-1	-1
2,4	7
1,6	6	2
7	7,3
2	3	-1
1	3	5
0	2
8,9	10,11	20
2,0
9	10
1	2	3
1,2	3
0	2
13,10	2	11,13
4	2
1	2
0	1	3
3	1
0	3
9,3	3,15
1,9	3
5
1	3,2
1	2
1	2	5
1	2
1	5
1	2
3,14	14,25
0	10,14
6	9
13,0	1
1,0	2
5	4
11,16	5
1	2	10
0	2	13,10
1	3
1	2
0,1	16	16
0,9	1	23
4	1,11	14
1,16	2	9
1	2
7	4	21
1,0	3	4
21	2
0	7,0	1
1	1	2
6	3	27
4,5
1,23	2
2	7	8
1	2	3	-1
1	2	0
1	2
1	15	10
1	-1	3
1	0
1	-1	3	-1
1	2,13	6
2,1	20	2
6	5	6
0	1
10,1	4
16,39	4,10
1,4	2
1	10	2
0,1	7	0	14
2,10	1
2,15	9,8
4	6	7,8
2	5,3
3	4
2	2,16	0,28
1	2
1	2
0,3	8,18	16	17
1	8,0
1	2
4	18	5
1	2
1	2
1	2
1	10,4	14,13
18,17	-1	4,18
3,1	4	5,9
2	3
1	6
1	2
11	2	12
2	3
8,3	9
3,2	4
3	3,4
4,16	7,11
3	7	28
0	1	2
15,9	6,26
1	2
1	11
0,8	12	5	12,7
3,7	2,21	-1	3
13,26	3
1	2
7,5
1	2
1	24
13,2	2,3
2,12	3	3
1	2
1	2
0	1
2	7
8,1	9,12
1
15,2	4
1	2	3
0,26	11,34	3
1	3
2	7	4
4,1	6	7
2	3
3	4
1	2
0	1
1	2
2	7
1	2,9
1,17	2
0,9	3	1	11
1,10	0	19
1,4	2
1	-1	3
3	5
1,34	-1
2	3,17
0	9
10,3	3,10	4
4,9	32,9
2,5	18	7
2	3	3
0	8
1	13
1	2
1	9,4
15	-1	4
2,10	4
1	2
7	10
1	3
4	1	13
4,24	4
5	5,19	5,12
2	12,7
1	3	18,2
4,5	12,5
1	2	4	15
4	12
1
2	6	12
2,6
0,11	2	1
4	5
3	4	1
1	4
11,2	2
1	6
1,0	2
1	2
2	6
2
3,4	5
0	1
1	2,1
0	1
1,8	18,23
4	7	7
12	2	3,13
1	2,13
4	5	13
1	2	32
0	4,10	18
1	-1	1	2
5,4
6,5	9
0	7	2
5	5,6	-1
18	17
1	2
0	2	5
4	6
0,2	1	2
1	2
2,5	4	10,17
2,14	19	19
2	3
1	2
1	3
0	11
1,13	2	3	-1
3	5
15
4	5
1	2
1	7	8
2	6,7
1,13	1	17
1,4	4
10	7
4,3	8
1	2
4,3	7
2	5	9
1	2	2,12
1	3	4
12,6	1,3
1	2
2,20	6
0	5
8	8
13	16,6
8,2	14
1	8	28,34
1	1	3,10
14,1	1	2
3	4	4	5	5
0,3	1
10,26	14
1	1	2
1	2
1	2
1	1
1	2
2	4
4	4
14	14,0	3
5,2	3
8	19	-1
1	2	6
1	2	3
11	2,9	5
4	5	11
1,0	4
-1	46,47
14,21	29	0
2,3	10
1	2	9
1	2
1	2
1	12	1
1	10
1	9
1	2
5,6
3	1	2
0	1	3,2
1,0	21
12	12
1	2
1	1	2
1,3	8
-1	1	3
2	3	3
1	2	3
2	20
2	3,2
4,15	5,24	2
2,10	8
2	14
0	1	2
9,4	9,24
3	2,13
5	1,4	5
1,2	1
1	2
1	2
0,22	3
1	2
18,2	17
4	5,11
4	6	5
23	23	23
0	1	14
2	5	14
1	2
0	2	3
3,11
17,0	20
6	9,7	0
8	6
1,16	2
2,23
4	9	10
5	6,14
1	2
1	11	0,11
5	3
-1	3,6	2	22,16
2	3	15,3
13,1	1,2
1	4
1	2,9
3	8
5	6,4	11,19
3,4	5
1	12
0	3
1	5	2
4	8
2	1
3,1	6,29	15,14
5	2
1	2
1	2
4	15
0	14	18
1	3
1	2
0,13	1,5
1,4	1,20
3,1	4
0	16,9
4	14
1	5
1,9	2
3	2
3	3	9
-1	2	9
2	4
1	2
6,3	13,21	8
2	9
2	3	5
1,4	6
1	2
0	20	14
0,2	14,2
1	2	12
4	5	20,12
2	3
1	2	3
2	1,29	25
1	2
1	5
2	7
2	4
2,1	3,5	12
7	5
2	2
1,0	5
2	3,41
3,2	7	5
0	3
19,17	8	1	1	2
1	2	4
13	12
6,16	8,7	2,8
4	2	3
3,1	11	11
3,1	14,13
1,0	10,40	12
1	2	7
0,2	2,11	6
1,19	4,3	4	6
1	2
0	1	2
0,1	9,8
2,1	2
3	2	3,13
0	1
14,1	9	15	9
4,5	10
19	2	21,0
1	2
2	4
3	1
1	2
1	2
6,2
1,0	7
4	6
1	2
1	1,11	12
26	16,19
1	3
2	19,3
0	2
1	3	9
23,1	21,5
1	2	20,19
1	2
14	6,14
1	2	8
4	1	30
2,1	3
14,0	5,2	-1
1	2,0
1	2
1	2	3
1,0	0
2	8,7
3	4
1	8	7
1,0	8
1,3	3
2	2
3	2	4
0	2,9	14,16
4	8
1	1,20	2
4	49
1	2
6,7	10
3,13	13,3
1	2	3
0	2,1
11	15,8
1	2
12	17	0
2	7,0
2	3	4
0	1	3
1	6,29
-1	-1	-1
25	0,18
4	7
0,3	26	0
1	2
1	3,10
0	3
2	3
2	3	5
0	1	2
1	3,0	3,0
2	19,2	4
3	10
1	2
2
23,9	1	16,9	16
1	2	4
6,28	6
0	2
1	4	16
12	2	19
1	1	2	1
2	24	3	24,2
0	2
1,14	1,4
1	5	9
1	4	3
5	5,1	13
6,5	7
1,0	0,28	1,7
1	2	7
2	5	10
3	4
1	4
16	7	9
-1	-1	39
4,17	17,21
1	0	9
8,2	47
5,25	0	4
2	4
7	3
3	5
0	4
23,2	15
0,1	3
2	1	19
1	2
0,2	13,12
7,1
1	2	12
4	2	6
1,8
1	2	2
6,5	1,38	10,6
3	4
6
28	15	3
1	2
1,11	12,18	19,6
0	10
2,15	41,18
1	2	5,15
2	3	4
1,13	15
2
1	2	3
1
5	12
4,0	6,5
1	2
1	2	3
1	2
1	1
3	3,27	16
2,5	1,9
23,9	26
2	4
0	3,12
4,23	6
1	4
1	2
21,1	2,1	6
0	1	7
12,3	9,10	23,24
3,4	22,14
0	5,3
3,1
1	2
0	2
0	2
4	5
16	8
1	5	5
0	9
1,8	18
4,1	1
0	1
-1	2,38	0
1	2
15	10,6	7,6
3,30	2
4	6	16
3,11	10
2,9	4,2
1	2	5
1,0	2	3
1	28
1	2
0	5	1
0
1
1	2	3
2	3	3
1	0	3
1,0	1
6	6
1	2	4
5	9
1	2
4,1	2
13	12	2,12
2,18	1,23	5
2,7	16,9	3
1	0,11
1	2	24
1	2
21	15,19	2
1	7	13,8
1	2	13
3,1	1	5
2	6	3
1	3
5	8
1	-1	1
5,9	3
1	15
1,33	3,14	9,16
7,5
0	1	2
4	5
17	17	3
46,20	3,13	5
1	2
6
0	7	6,7
6,5	12
4,1	16
2	11
2	4,1	4
1	12
0	8	1
1
1	7
1	6
1	2
3	3
-1	-1	-1
4	2	5
1	2
2	8,14	11
1	2
0	15,28
3	4,16
3	4
1	2
5,1	39
16,1	1
0,4	2	5
1	2
-1	1	4
1
4	2	3
2	4
5	4	4
14	14	18	-1
0	2	8
1	3
5	7
11	21	21
1	2
1	1,0	5,4
1	2
2	2	12
14	23,9
1	11
2,1	9	2,16
3	11,25	22,5
25	5
7	10,9
1	2
1	14
1,0	1
1	8
1	2
4	1	0	11,15
26,3	38	9
1,50	1,50
0	2	22,11
0	2
1	2
0,11	12	6	15
15	12	13
1	2	5,1
1	18	-1
1	2,45
1	2,5
4,1	7,14	2
3	1
1,0	27,1
1	1	3
4,3	5
1	2
3,12	13,10
3	5
2	3
10,1	11
0	1	9
3,17	6
15,0	2,3
14,0	13,4	3
0	1	-1	3
1	12,1
0	1	1,2
0,15	14	3
2,9	27	2
2,3
2,3
3	2
2,20	5,2	11
13,5	17	1
2	4
1	7,4	18
1	8,16
3	4	9
1	2
7,4	4
7,12	12
1	2
1,22	2	2
1	18,2
1	2
1	6
1	9
2	5
2	4	5
1	19	22,5
1	2
2,1	3	3
0,18	2
1	2	6
10	4,2
13,8	7	16
0,1	3	4
1	1
18	9,17
13	28	5
2
3,1	13
11	3	14
2,28	6
0	3
4,0	25,4	8
1	2
3
1	2
1	1	2
1,0	3
10	6
1,11	2
0	1	1
1
1	3
7,3	1
12,3	9
4,3
2	1
5	-1	17,6
2,1	6
22,0	20	5,19
1	2
1	2
4,0	7
-1	2,5	2
6	7	19
9,6	7
0	1	2
2	11
0	8	12	13
9	3	4
1	2
3	2
1,2	8,5
1	-1	2	3
1	1	4
4	3	10
0	-1	15,4
10	7
5	8	9
4,17	0,7
1	3	6
6	1
1	6	6
4	10	3
2	10
4	21,26	18
2	8	11,10
1	2	2	5
2	3
20,28	-1	10
1	2
30	32,41	26
1,48	4,18
1,3	-1
2	16,12
2,3	10	6,32
1	2	7
0,1	12,0	15
0	2
3	20
0	1	2,6
5	18,4
1	1
1	2
1,5	1	15
2	5
1	2
2	8,9	8,1
1	2
1	2
6,1	5,3
1	4	2
5	3,2
13	2	4,19
7,6	8,2
1	2
14,1	8	16
3	12	-1
2	2,3
5	4,2	3
2	5	6
0	1
15,0	3
7	4
6	7
22,11	3	5
27,6	3
1	2
1	7
0,3	15,19	6
1	2
6	2
1	1	23
0	2
0	1
1	2
2,21	4,3	12	21
0,1	10,1
1	10,1	1
1,0	2
2,7	13
8	8	3,1
5	3
1	3
8	5
1	3
1	7	2,13
3,34	16	2
25,2	2
1	0,12	0	5
3	16,10	16
1	2
2	12,9
1	2
1	5,4
0,2	8
3	6
7,5	1	2
11	3
1	2
1	27
1	2
1,5	9,1	2
18	5	8
7	1
3	6
1	14	14
39	14	23	25
4,9	2
0	0
1	2
2	9,7
1	2
1,0	2
1	0	0
0,9	10,5
0	0	15,4	9
1	2	7
3,1	9,5
15,5	2,6
2	1,44
1	2
1	2
1	2
4,2	14
1	6
26	16,1	10
2	5	9
5	1	2
-1	-1
2	4	23
6	4
0	-1	1	2
17	18
23	16,24	15
0,1	6
1
2	5,4
0	1	7
1	13,2	5
2,6	5
1	2
1	1	5
8,23	2	-1
1	2
0	2	7,8
1	4,5
7	4	4
4,6	1,2
11	4
1	2	6,16
4	0,33
4	2	15
3	5,34
1	8	18
1
9	5	2
1	2	3
1	2
1	2,3
4	2
1	3
9,18	14,11	11
4	3
11,8	8
4	19
0	2,6
1	4	0
1	6
1	2
2	3
2	6	6	0
1	2	3
5,6	10
13	3	13
21,1	6,0	16
8	11	18
0	2
1	5
1	2
4,5	2
0	1	2
1	2
1	5
0,1	1
8	8
1	3
-1	42	20,21	12
4,11	11,4	34,2
2	3
1	2	3
1	12	11,6
0,5	1	4
6,3	24
1	4,10	18
48	29
4	4,16	11,19
5	2	7,19
1	3
7,2	6,5	23
1	21	6
1	2
7	5,12
2	3
1,6
3	10,9	1
3
0,4	7,2
1	2
5	2	3
3,15	4
6,65	5
12,1	19,11
0	2
1	2,11	11
3	2
1	2
4	8,17	3
2
1	2
2	4,20
1	4	1
90	91
4	1
-1	2	3
3	4,2
24	22	-1
1	2
-1	0	0	9
8,2	21,0	8
1,0	2,4
2	0	5
2	22	3
8	10	6	13
9	7	5	-1
1	5	14,1
1	2
1	2	4
1	10,3
0	1	7
2	3
6	11
1	2	3	7,8
10	11
1	2
0	2
1,2
1,41	5
1	2	3
1	2
8	4	29
13,21	10,25
3	0,1	2
2	13,26
1	11,10
14,29	14,26
1	2
2,10	5
4	0	4
24,28	6
16	4
1	2	3
0	1	3
1	2
2	4
4,2	7
3,4	4,3
4,1
5,2	16
0	1	1,16
0,15	1,0	16
1	2
1	3	20,21
0	6	6
3	9
2,12	6	-1
1	2	3
15,3	4,2	7
2	4,3
1,0	2,1
1	2
1	11	2
3	4
3	7,11	4
2	9
6	1,21
3,11	1,14	23
6	2,6	2
25,13	7,12	4,8
1	2	3
1	2	3
2	3
4,0	2	-1
5,1	4
0	2,4
2,1	2
0,4	6
7	12
2,11	5
12	6
40	20	-1
5	5	15
1,31	7	8
4,2	4	12
1	4	2
0	2,22
1	5
4,1	13,12
2,5	2	9
1	1
13	2	13
15	17	9
1	2
1	7,6
1	2	1	8
1,4	2
3,4
5	1	3
3,4	1	6,12
12,6	2,3	13
1	2
11,8	11,6	1
3	0
2,4
4	7
2,10	5
5	7,6
5	2
1,23	-1
3	6
1	2
3	8,19	14
0	2	3
3	0	2
5,2
3	5
-1	11,0	14	20
-1	5	4	5
1,0	3,15
2	6
1,17	5
1	2
1	8
3	10,29
5	5,1
0	30,17	18,19
1	2	7
2	9
3	4	5
1	2
1	2	4
0	7
1	2
3	-1	8
1	2
1	2
11,1	1	33
2,4
4	3
4	8
1	2
-1	34	-1
21	10
0	14
4	7	2
1	2
0,10	26	10,15	18
1,4	2
2,36	20	4
7	9
1	2
4,11	20	0
1	2
1	19	-1
1	2	5
1	7
3	3	9
0,3	51,7	6
1,2	13,11
2,4	9
1
2	4,7
4	6,13
17	3	15,0
1	14
1	2
4,5	10,9
2	4
0	1	4
1	2
9,77	10
0,1	2	5
0	3	4
1	3,6
0,12	3
4	0,1	8
3	2	2
25	4	71
5,6	16
2	3	4,9
12	11	11,59
2	1
3	4	5
3	3	-1	24
2,0	18
6	12,22
6,0	19,4	19,0
4	1,0
0	1
1	2
0	1
1	1	16
5	0,1
1	1
2
1,13
5,1	12
1	2
6,5	16	0
0,21	6
1	19	13,12
2	3,5
2	3
0,37	3
3,4	5
4,7	10	37
0	2
0,24	9	41
1,3	6,1
2	1
2	3
1	2	4
1	29
1,3	14
1	4	9	10
1	2
0	0
5	7	6
10	7,10	45
4,6	5
13	2
4	2
1	2
2	3
0	1
2	8
0	4	5,2
1	2	3
2	3	4
2	1
9	21
4	3
1	3
5,9	5
1	3	5
1	2
0	0	1
2	6	6
1	2
5,4	5,31
3,8	22
1,19	2
0	1,6	1
3	1	8,11
1	2
0,12	1,5	21,5
14,5	13	11
4	2,1	1
6	5	0
0	12	30
5	1
0,14	16
35	29	35
4	1	1	2
0	8
8	1	0
8	2	9
42	19	26,19	1
5,36	28	10
4	10,2	6,3
1	2
1,17	2
3,50	13,50	46,5
3	3	11,7
1,0	2	6
4	10,18
26,18	9,26	24,35
1	2	3
21	0,17	56,31
1	13	4,2
3	1,3
1	2	10,0
9,20	32,17	26,11	6
1,0	1	19
0,3	6	11
1	2
17,13	22	24
0	2,3	4
1	2
0	1	2
3	2
14,19	1
31,45	15,14	24
2,5	1	0
13,23	29
20,38	1,19
0,24	3	3
2,8	3
2	7
2,0	9,23
2	2
5,4	6
1	3,27	29,27
1	3
28	4
2	3,5
1	2
1	11	3
4	5	2
1	8
1	9,2
3	5,4
1,0	2
3	7,6
12	2
1	11
8	2,8
0,1	2	11,5
1	9,7
1	2
3,8	19,18
2	2
10	11
2	3
2,37	41	25	20
4	0,10
0	2	2
7	6,21
3	6
4	0	0
13,16	20,2
1	18,4
29,28	17,1	12,2
1	4,3
7,8	1	2
6	2	4,1
2	10
1	2	2
4	5
5	5	6	8
4	2	4
26	33,2
1	2	30
1	12
8	7
1,12	0
1	3,2
2	2	1
1	2
3
1	2
0	22	14
5,4	9
1	1
1,20	0	5,14
1	2
0	7	6
3	2
2	4
1	2
1	3
2	7
10	2
5	1,6
6,10	11
14	5	6
6	6
10	2
1	8
2	5,13	5
15,0	12	5
1	8,9
1,12	2
0	1
2	3
2,4	9
1	2	14,2
3	13	13
6,4	29,34
4	17	2	-1
2	4
2,6	1,6	8
3	3	10
1	10,3
1	2
5	2
1	2
1	-1	5,6
6	7
3,4	5
0	3
2	3
0	6,22	12,22
1	2
5	7,6	9,6
3	-1	22	4
2,0	22
5,12	3
2	3	4
8,1	2
3	23	10
3	3
1,0
2	6
4	2	6
9	1	2
1	2
2	3	9
2	3	4
3,1	6,7
5	48,1	4
2,1	7,6
12,11	14
1,19	0
4,3	5	10
5,3	6
1	2	3
1,0	4
22,0	7	21,6
1	3,0
2,0	3,14
0	2
0,16	3,4
4,5	6
1	2	25
1	2	16,9
1	4
1	13
2	3
1	12
1	13,1	6,18
1,0	0	3
0,1	25
0,3	2,14	5
3,9	2	0
4	18	5	5
15	19
1	1
1	2
2,3
0,1	2
1	2	3
1	1	1	7
9,0	9,24
-1	-1
1	26,21
4,1	6,17
17	1
1	2
0,8	9
5	3
1
1	2	7
0	1	2
3,0	0	9,2
1	2
3	3,4	11
13	2
8,0	0,9	1
0	1	2
0	2	3
4,14	15
4,2	4	2	2
-1	6
1	9
2	11	3
1	3	4
0,2	3
1	3
0,1	6
10	2	3
1	2
8,23	16
1	9
4	8
1	2
0	15	7
4,2	10
2	3
3,1	15,10
16,6	7	16
6	9
8
2	7
4,27	2
1	2
4,1	10,4
1	11,33
7	8
4	2
1,0	1	1	2
4	9
21	10,12	8,6
1	2	4	4	4	2,30
1	3	20
2,4	4
1	2	3
1
7	3
5,0	3,2	17
0	3	12
1	1	2
1	7	8	-1
1	14
0,1	15,11
1	1,2
5	3
2	6,5
1	2
3	2
18,2	2	13
1	1
2	7,8	9
1,6	1
0	2	7
1	11	11	1
0,1	2,1
2	7
1,19	7,0
3	2
1	2
2,1	1	0,9
0	0,8	4
10	4	1
23,1	10	3
3,28	4,3
12,1	4,34	2
11,17	24	4
1	2,18
4,13	8
0	4
19	12,0
-1	31	0
1,0	2	3
3	4,6
6,12	11,1
0,12	1,2	15
4,6	12,23	28
2,7	13,4
16	2	-1
0	15	6
1	1	2
1	1	1	2
3,9	0,7	1,12
-1	-1
6
2	3	5
1	3
2	6
1	2
16	4
4	11
3	2
4,11	9
2,66	2	9
1	13	3,4
3	4	13
1	2
1	2
8,2	9,20
2,10	0	17
1	2	3
2	2	4
4	10
1	2
1	2
5	22,5
2	9,2
5,18	2
3,1	1	20
0	4
1	2
1	2
1	2	4
2	18	18,33	2
10	16	19
4	11	6
9,0	7	13,27
4	2
4,5	2	9
0,11	12	23,13
1	1
4	2
16,64	17	18
3	4,6
1	2
0,1	3	20
2	3
0,6	20	1,19
-1	0	4
13	5
1	2	5
0,1
10	2,6	10	2
1	24,2	-1
2	3
1	2
1,11
1	7	2
10	6	2
4	10	20,29
2,0	1,2
1	9,2
1	2	8
3	4
4	5	23
3,0	4	15
4,5	6	22
1	4	12
1	2	2
1	3
15	0	17
5	8	9
1	1,9
1	6,2
2,0	5
16,3	15
16	2	1
1	2
0	11	7
1	2	9
9	2
1	2	3
1,11	7	2,3
1	2
1	2	3
2	3,4	4
4	1	0,2
4,11	4,11	7
1	2
3,13	5,10
1	2
1	2,7	14
2	15
17,1	2
6	11,28	21
4,13	2
2	3
3	3,12	19
0,8	3	4,12
1	2
2	5
1	3
12	4,6	6
14,1	11,7	2,8
1,0	1
1	2	3
0
0,17	12
0,3	2,8
1	13,2
1	1,23	2
1	2
5,6	7
2	4	21
1,0	0,9
1	3
1	2
8,7	9
8	1	8	8
1	2
1	2	5
11	12	13,22
10	2	4
1,6	7
2	3
1,7	16,15
1	2	8,10
2,3	2
1,4	2	27
4,9	28	7
0	1	3
5	7
7	17,8
2	3
1	16,8	8	10
1,35	15	20,57
21	6
5	7,0	6
1,22	23	9	23
1	2
3,4	30,10	30
1	14,11	19,17
0	1
2,0	3
2,0	9,2
0	3
2	10,28	10
22	2	5	0
1	2
0,14	16,12
1	2
28,5	28,42
2	12,3
4	2
4,0	1	2
1	5,3
2	3
2	10
5,4	10
3	3
0	5,4	4
1	11,5	12
1,5	2
12,13	14,12
3	8
4,5	8,2	3
2	3
3,2	15,16
0	3,99	4
1	16	5	10,17
0,1	9,34
2	6	25
0,1	2,7	11
1	2,8
9	9	12,15	9,1
1	2
38	41,22	22
1	1
1	2
0	24	6,3
9,3	9	8
0	17,24	1
13	4	0
1	3
2	19,0
2	3	4
15	5,7
4,0	1	2
3	2
0	3
3	6	15
1	10
1	4,12	4,7
0	1,2	6
2	6
0	1	2
5	5	4
3	0	4
4	5,13	4,10
1,20	2
1	2
0	2,3	1,19
1	2
0,1	22
5	2
1	8	9	-1
1	2
11	2,4
2	3	5,3
0	9	4
2	5
4	6
3,5	12
1	1	2
2	3
0	33	6
10	2	11	-1
5	3	13,5
5	6
1,16	1,14
2	1,7
1	1	5
2,3	13
1	19,2
1,4	2	5
1	2	5
0,1	0	6
4	1	2
8	16
8	2,17
1,4	12,1	6
5,4	6
2	7,8
1	3
1,8	4	0
4	1
1,0	2
4,1	2	6
-1	14	-1
12,0	13
5,0	20
1,3
16,0	2	2,19	7
1
1	10
4,9	5	5,4
0,1	11	10
2	3
13	15	16
4	2
1	2
1	1,22	5
6	0	17
11,1	19,8	24
1	14,24	3
1	11	3,25
11,10	5
2	11,10
1	2	2
1	2
1,27	2
1	2
1	2
9,1	9,19
4,17	17,4	65,18
1	12,19
1	3
3	4	4
1	2
1	2
2,3	30	24
15,20	8	2
1	23,11	11
0	33
1	3,5
0	4	4
4	1,14	22
17,12	3
13	3
2	3
7	8	9
1	2	8
2,5	6
0	1	6
14	6	1	11
8,9	-1	9,10
0	3
0	6
1	2
1	2
2	3	4
1,8
1,2	0
1,0	3
3	11,15	11	14
0	3
1,7	7
2	3	22
1,8	2
22,11	8,2
4,35	10
1	8	0,1
1,19	2,26	26	25
3,12	5,10
1	2
2	4
1,2	6
0	2	3
1,3	3
3	17	14,3
5	1,18
1	1	2
3	8,4
1,0	17
0	31,9	31
1	2
4,2	2,15
1,3	0,2
1	2	3
1	2	8
4	5
1	13,7	7
3	3
6,4	7
1,24	5
18	9
0	2	3
1,0	6,5
1	9	-1	1	14	-1
0	0	15
1	3	4
1	3
1	8	6
25	28,0	5
0,2	17
2	16
1	3	2
3	11
4	4	4,7
7,2	10,21
1	7,6
1,17	12,10
1	3
1	1	2
3,17	19
12	2	24
0	2
6	2,3
0	2,7
2	8
1	2	3
2	3
16	11,19
0	1	3,5
4	8
1	25	4
1	2
4,13	5
1	3,4
4	1	3	9,0
4	1	6
1	3
1	1	2	2
10,1	2
1	7,20	9
1	2
4	2
4	5,9
13,0	5
1	2
1	20	3
1,16	7
1	12,14	2
1	2
5	3,5	8,15
2	3
11,1	7,8
4	4	6
0	4,5	2
1	2
3	2
0	2
1	8,24	16
31,45	9,31	25
0	2
10,20	2,11	17
2	10	-1	2
0	2,1
0	1
1	2
4	5
1	11	0,11
0	2	5
12	13,18	14,7
4	0	1
1	2
2	4
3,2	15	4
1	2,12
1	2
1	7
1	2
7,6	4
1	1
1	2	11
1	83	1,3
0	2
14,0	5,2	15
1	3
4	2
1	2	14,2
3	7	8
1	2	2	8,13
1	0
1	2
5	0,2
17,16	6,7
1	2
0	1	8
2	3
3,1	1,16	9
1	2	6
1	3
2,4	2
1	2
1	3	6
1,16	5	5	5
4	2	9
6	3	6
1	2
1	2
0	1	2
2	4	4
0	2	5
2,1	6
0	1	1	2	3
3,21	5
1	1,17
1	2
2	5
1,10	2
1	7	6
1	2
1	5,4	6
13	3
3	2
2	1	3
0	2
1	2,3
5,4	5	2
1,12	2
1	2
1	14
2,12	9
1	5
2	10
1,12	1,5
0	1
10	4,7	6
2	3
7	2
1	2
17,0	28,4	25
3	4,5
2	2,3	22
1	13,8
1	1	2	5
1,6	0,10
4	3	3	3	3	33
4	2	2
1	2
1	4	2,14
6	10	11
23	4
1	2
0	5	6
2	3	11
2	11	5
4	10	10,5
1	9
1	1	13
1	2
2	3
1	2
2	4
0,13	20
1	2	1	10,6
2	6
5	10	13
0	4,8
1	2
10	4
1	6
6	2	3
0	11,22
1	2
2	1	-1
1	2
2	11	1
4,2	1
3	2,4
-1	-1
1	13
9,1	9,3
1	6,2
1	2
0	2
1	1,18	2,7
1	2
17	61
6	2	3
2	4
1	4
1	8,20	20,13
1	6
1	1	1
1	2
3	1	2
5	9
3	9,30	18
1,19	3	0
5,4	2
1	2
15	4
2,3	19,18
1	-1	0
2	8
1	4
0,1	2	1,33
0	3	6
3,0	4
1	2	-1	-1
2	5	4
1	11,18
1,0	2
1	10
2	14
0,11
1	20,7
0	2
10,0	2	18
5,2	1
0,15	4	-1
1	2	3
1,0	8
31,18	1
5,29	7
1	1
2	3	4
1	1	1	2
5,4	1	2
5	7
2,4	3
3	4
28	5	25
13	1,0	2,29
1	1	17
0,3	2
3	4	7
17,4	9	7
2	3
1	3
1	2
0	6	7
4	12
4	1	5
2	3
3,1	6
1	4,0
1	2
3	1	5,3
3	4
3	2	5,69
1,22
9,4	16	21
1	2
3	4
11	14
0	1
2	6
1,9	0
6	7
4	5
1	2	2
2	0
3	20
9	15	15
1	2	16
13	12	13
3,1	0,4
5	2
1	2
5	2	10
-1	6	3	4,21
0	5	1
1,0
26	11,27
-1	4	5
11,25	25,4
1	1	1
32	11
7	2,1
6,9	7	9
-1	1	2
5,15	10,17
13,7	9
2,13	4	17
